vi vj e
0 6 1
0 117 1
0 135 1
0 513 1
0 535 1
0 574 1
0 585 1
1 23 1
1 93 1
1 141 1
1 165 1
1 197 1
1 242 1
1 387 1
1 400 1
1 487 1
1 526 1
2 12 1
2 120 1
2 173 1
2 311 1
2 441 1
2 552 1
3 6 1
3 25 1
3 171 1
3 172 1
3 181 1
3 196 1
3 557 1
3 558 1
3 562 1
4 66 1
4 67 1
4 243 1
4 262 1
4 270 1
4 294 1
4 395 1
4 396 1
4 483 1
4 485 1
5 27 1
5 85 1
5 126 1
5 322 1
5 387 1
5 488 1
5 517 1
5 543 1
5 555 1
5 602 1
6 113 1
6 120 1
6 223 1
6 302 1
6 311 1
6 318 1
6 491 1
6 503 1
6 521 1
6 575 1
6 604 1
6 608 1
7 147 1
7 150 1
7 286 1
7 293 1
7 340 1
7 365 1
7 376 1
7 398 1
8 34 1
8 263 1
8 541 1
8 556 1
9 13 1
9 92 1
9 161 1
9 253 1
9 258 1
9 322 1
10 61 1
10 269 1
10 291 1
10 332 1
10 364 1
10 395 1
10 505 1
10 585 1
10 608 1
11 33 1
11 78 1
11 141 1
11 153 1
11 251 1
11 391 1
11 409 1
11 597 1
12 28 1
12 79 1
12 80 1
12 133 1
12 160 1
12 253 1
12 268 1
12 287 1
12 345 1
12 433 1
12 538 1
12 621 1
13 70 1
13 71 1
13 84 1
13 194 1
13 274 1
13 300 1
13 496 1
13 504 1
13 591 1
14 62 1
14 109 1
14 226 1
14 405 1
14 479 1
15 180 1
15 258 1
15 397 1
15 424 1
15 437 1
15 466 1
15 478 1
15 594 1
15 609 1
16 62 1
16 88 1
16 150 1
16 171 1
16 259 1
16 350 1
16 428 1
16 501 1
16 586 1
17 64 1
17 154 1
17 224 1
17 428 1
17 493 1
17 502 1
18 489 1
19 7 1
19 51 1
19 163 1
19 234 1
19 290 1
19 400 1
19 419 1
19 586 1
19 624 1
20 11 1
20 53 1
20 248 1
20 556 1
21 4 1
21 12 1
21 24 1
21 45 1
21 116 1
21 193 1
21 486 1
21 487 1
21 490 1
21 522 1
21 574 1
21 575 1
22 123 1
22 244 1
22 394 1
22 433 1
22 462 1
22 520 1
22 536 1
22 590 1
23 39 1
23 79 1
23 132 1
23 145 1
23 165 1
23 198 1
23 226 1
23 271 1
23 288 1
23 596 1
24 50 1
24 196 1
24 198 1
24 359 1
24 379 1
24 433 1
24 612 1
25 34 1
25 352 1
25 552 1
25 569 1
26 16 1
26 38 1
26 199 1
26 202 1
26 271 1
26 424 1
27 43 1
27 68 1
27 109 1
27 183 1
27 197 1
27 215 1
27 506 1
27 615 1
28 60 1
28 215 1
28 600 1
29 41 1
29 93 1
29 158 1
29 189 1
29 352 1
29 570 1
30 100 1
30 232 1
30 266 1
30 278 1
30 294 1
30 365 1
30 572 1
30 606 1
30 618 1
30 621 1
31 7 1
31 199 1
31 241 1
31 281 1
31 359 1
31 385 1
31 537 1
32 1 1
32 22 1
32 84 1
32 95 1
32 108 1
32 121 1
32 220 1
32 237 1
32 272 1
32 310 1
32 337 1
32 379 1
32 438 1
33 82 1
33 95 1
33 99 1
33 183 1
33 255 1
33 270 1
33 314 1
33 418 1
33 422 1
33 449 1
33 487 1
33 592 1
33 595 1
34 55 1
34 142 1
34 175 1
34 403 1
34 406 1
34 553 1
35 33 1
35 48 1
35 189 1
35 480 1
36 28 1
36 58 1
36 59 1
36 117 1
36 293 1
36 462 1
36 509 1
36 593 1
36 614 1
36 615 1
37 42 1
37 117 1
37 217 1
37 269 1
37 275 1
37 295 1
37 323 1
37 375 1
37 516 1
37 613 1
38 33 1
38 88 1
38 359 1
38 361 1
38 372 1
38 409 1
39 5 1
39 33 1
39 169 1
39 210 1
39 220 1
39 270 1
39 314 1
39 488 1
39 515 1
39 558 1
39 560 1
40 7 1
40 99 1
40 142 1
40 232 1
40 347 1
40 368 1
40 442 1
40 463 1
40 504 1
40 575 1
41 39 1
41 151 1
41 260 1
41 267 1
41 396 1
41 562 1
42 17 1
42 56 1
42 114 1
42 287 1
42 291 1
42 545 1
42 562 1
43 30 1
43 156 1
43 187 1
43 223 1
43 233 1
43 387 1
43 401 1
43 427 1
43 535 1
43 611 1
43 616 1
44 169 1
44 193 1
44 245 1
44 324 1
44 350 1
44 445 1
44 479 1
44 500 1
44 504 1
44 548 1
45 13 1
45 136 1
45 284 1
45 342 1
45 473 1
45 563 1
46 125 1
46 243 1
46 256 1
46 502 1
46 538 1
47 0 1
47 222 1
47 346 1
47 421 1
47 476 1
47 549 1
47 617 1
48 182 1
48 188 1
48 255 1
48 355 1
48 581 1
48 607 1
49 54 1
49 135 1
49 141 1
49 277 1
49 294 1
49 303 1
49 477 1
49 619 1
50 101 1
50 108 1
50 138 1
50 145 1
50 162 1
50 173 1
50 276 1
50 299 1
50 319 1
50 433 1
50 486 1
50 514 1
51 142 1
51 172 1
51 236 1
51 300 1
51 397 1
51 418 1
51 444 1
52 222 1
52 223 1
52 411 1
52 562 1
52 579 1
52 620 1
53 150 1
53 152 1
53 264 1
53 280 1
53 292 1
53 434 1
53 597 1
53 610 1
54 79 1
54 135 1
54 204 1
54 216 1
54 342 1
54 371 1
54 415 1
54 511 1
54 594 1
55 123 1
55 200 1
55 278 1
55 298 1
55 308 1
55 362 1
55 467 1
55 503 1
55 522 1
55 583 1
56 5 1
56 32 1
56 87 1
56 231 1
56 241 1
56 329 1
56 347 1
56 403 1
56 440 1
56 486 1
56 497 1
56 524 1
56 571 1
56 581 1
57 2 1
57 82 1
57 231 1
57 262 1
57 317 1
57 360 1
57 514 1
57 578 1
58 33 1
58 46 1
58 98 1
58 108 1
58 113 1
58 173 1
58 226 1
58 250 1
58 254 1
58 302 1
58 433 1
58 441 1
58 471 1
58 504 1
59 9 1
59 24 1
59 275 1
59 375 1
59 494 1
60 1 1
60 35 1
60 91 1
60 96 1
60 272 1
60 393 1
60 396 1
60 446 1
60 475 1
60 485 1
60 600 1
60 602 1
61 21 1
61 37 1
61 192 1
61 218 1
61 226 1
61 290 1
61 463 1
61 509 1
61 564 1
62 7 1
62 210 1
62 236 1
62 306 1
62 312 1
62 319 1
62 374 1
62 388 1
62 432 1
62 493 1
62 501 1
63 37 1
63 171 1
63 182 1
63 461 1
63 599 1
63 603 1
63 618 1
64 44 1
64 60 1
64 66 1
64 90 1
64 93 1
64 316 1
64 367 1
64 369 1
64 538 1
64 564 1
65 193 1
65 317 1
65 424 1
65 521 1
65 525 1
65 576 1
66 65 1
66 209 1
66 293 1
66 403 1
66 412 1
66 433 1
66 479 1
66 487 1
66 585 1
66 624 1
67 44 1
67 61 1
67 122 1
67 144 1
67 159 1
67 255 1
67 269 1
67 407 1
67 466 1
67 533 1
67 580 1
68 130 1
68 144 1
68 281 1
68 413 1
68 550 1
68 583 1
69 23 1
69 162 1
69 187 1
69 219 1
69 494 1
69 496 1
69 514 1
70 52 1
70 169 1
70 196 1
70 389 1
70 393 1
70 484 1
70 525 1
70 539 1
70 594 1
71 149 1
71 206 1
71 311 1
71 322 1
71 375 1
71 398 1
71 404 1
71 446 1
71 536 1
71 577 1
72 120 1
72 147 1
72 289 1
72 315 1
72 353 1
72 554 1
73 22 1
73 213 1
73 272 1
73 546 1
73 548 1
73 610 1
74 60 1
74 85 1
74 148 1
74 153 1
74 210 1
74 314 1
74 490 1
74 501 1
74 595 1
75 54 1
75 87 1
75 208 1
76 63 1
76 511 1
76 607 1
77 72 1
77 133 1
77 316 1
77 332 1
77 363 1
77 501 1
77 520 1
78 32 1
78 324 1
79 36 1
79 74 1
79 114 1
79 234 1
79 257 1
79 267 1
79 475 1
79 499 1
79 506 1
79 525 1
79 542 1
80 5 1
80 27 1
80 43 1
80 100 1
80 101 1
80 103 1
80 358 1
80 465 1
80 562 1
81 1 1
81 18 1
81 148 1
81 181 1
81 233 1
81 453 1
81 494 1
81 624 1
82 15 1
82 195 1
82 228 1
82 261 1
82 477 1
82 487 1
82 539 1
83 3 1
83 38 1
83 349 1
83 364 1
83 437 1
83 510 1
83 512 1
84 16 1
84 146 1
84 150 1
84 241 1
84 245 1
84 261 1
84 306 1
84 335 1
84 415 1
84 610 1
85 12 1
85 30 1
85 35 1
85 56 1
85 164 1
85 170 1
85 220 1
85 292 1
85 300 1
85 578 1
85 609 1
86 3 1
86 8 1
86 268 1
86 271 1
86 283 1
86 501 1
87 21 1
87 238 1
87 242 1
87 411 1
87 457 1
87 484 1
87 485 1
87 497 1
87 582 1
88 52 1
88 64 1
88 124 1
88 131 1
88 174 1
88 286 1
88 420 1
88 426 1
88 436 1
88 447 1
88 470 1
88 471 1
88 583 1
89 24 1
89 219 1
89 262 1
89 405 1
89 481 1
89 582 1
90 5 1
90 19 1
90 187 1
90 388 1
90 460 1
90 598 1
90 609 1
91 87 1
91 112 1
91 185 1
91 233 1
91 414 1
91 621 1
92 267 1
92 340 1
92 370 1
92 404 1
92 544 1
92 558 1
93 101 1
93 118 1
93 145 1
93 208 1
93 363 1
93 407 1
93 431 1
93 474 1
93 478 1
93 609 1
94 5 1
94 274 1
94 403 1
94 441 1
94 491 1
94 512 1
95 26 1
95 63 1
95 74 1
95 126 1
95 207 1
95 235 1
95 247 1
95 287 1
95 350 1
95 390 1
95 537 1
95 563 1
95 582 1
95 595 1
95 597 1
96 0 1
96 17 1
96 50 1
96 77 1
96 171 1
96 225 1
96 282 1
96 395 1
96 454 1
96 465 1
96 575 1
97 23 1
97 483 1
98 6 1
98 9 1
98 15 1
98 57 1
98 61 1
98 237 1
98 514 1
99 118 1
99 295 1
99 300 1
99 347 1
99 362 1
99 400 1
99 608 1
100 180 1
100 221 1
100 375 1
100 457 1
100 466 1
100 545 1
100 609 1
101 74 1
101 262 1
101 431 1
101 469 1
101 553 1
101 555 1
101 559 1
101 594 1
102 103 1
102 131 1
102 220 1
102 236 1
102 431 1
102 481 1
103 20 1
103 72 1
103 251 1
103 383 1
103 385 1
103 585 1
104 128 1
104 156 1
104 352 1
104 396 1
104 426 1
104 562 1
104 568 1
105 55 1
105 168 1
105 303 1
105 557 1
105 583 1
106 54 1
106 56 1
106 178 1
106 202 1
106 230 1
106 456 1
106 566 1
107 73 1
107 171 1
107 291 1
107 344 1
107 349 1
107 363 1
107 425 1
107 513 1
107 566 1
108 127 1
108 150 1
108 386 1
108 399 1
108 522 1
108 545 1
108 590 1
108 610 1
109 144 1
109 146 1
109 153 1
109 190 1
109 196 1
109 273 1
109 395 1
109 402 1
109 498 1
109 587 1
110 30 1
110 49 1
110 71 1
110 161 1
110 227 1
110 253 1
110 321 1
110 364 1
110 394 1
110 403 1
110 433 1
110 451 1
110 456 1
110 562 1
111 132 1
111 171 1
111 208 1
111 376 1
111 469 1
111 534 1
112 1 1
112 197 1
112 311 1
112 364 1
112 455 1
112 458 1
112 512 1
112 517 1
112 589 1
112 594 1
112 600 1
112 609 1
113 14 1
113 40 1
113 106 1
113 234 1
113 267 1
113 277 1
113 373 1
113 594 1
114 61 1
114 87 1
114 281 1
114 379 1
114 416 1
114 418 1
114 531 1
115 49 1
115 74 1
115 149 1
115 212 1
115 481 1
115 527 1
116 36 1
116 309 1
116 372 1
116 406 1
116 475 1
117 44 1
117 102 1
117 191 1
117 219 1
117 239 1
117 244 1
117 466 1
117 517 1
117 551 1
117 611 1
118 5 1
118 69 1
118 168 1
118 292 1
118 356 1
118 420 1
118 537 1
118 573 1
119 52 1
119 177 1
119 252 1
119 372 1
119 389 1
119 446 1
119 486 1
119 524 1
119 547 1
120 20 1
120 158 1
120 274 1
120 330 1
120 477 1
120 512 1
120 610 1
121 0 1
121 105 1
121 107 1
121 131 1
121 231 1
121 263 1
121 455 1
121 527 1
122 201 1
122 206 1
122 256 1
122 337 1
122 418 1
122 424 1
122 463 1
122 514 1
122 516 1
122 562 1
122 584 1
123 58 1
123 482 1
123 550 1
123 571 1
124 14 1
124 67 1
124 202 1
124 233 1
125 33 1
125 40 1
125 139 1
125 259 1
125 356 1
125 374 1
126 42 1
126 51 1
126 99 1
126 123 1
126 150 1
126 175 1
126 267 1
126 378 1
126 437 1
126 620 1
127 36 1
127 119 1
127 150 1
127 270 1
127 401 1
127 447 1
127 480 1
127 503 1
127 510 1
127 537 1
127 584 1
128 21 1
128 22 1
128 85 1
128 119 1
128 353 1
128 395 1
128 447 1
129 356 1
129 391 1
129 558 1
130 32 1
130 177 1
130 302 1
130 340 1
130 488 1
130 501 1
131 3 1
131 5 1
131 60 1
131 84 1
131 274 1
131 462 1
132 301 1
132 393 1
133 11 1
133 210 1
133 217 1
133 315 1
133 391 1
133 476 1
133 512 1
133 525 1
133 544 1
133 547 1
134 88 1
134 93 1
134 157 1
134 165 1
134 235 1
134 343 1
134 535 1
134 565 1
135 2 1
135 16 1
135 214 1
135 244 1
135 433 1
135 480 1
135 606 1
136 41 1
136 112 1
136 204 1
136 212 1
136 244 1
136 276 1
136 292 1
136 329 1
136 359 1
136 475 1
136 559 1
136 570 1
137 86 1
137 311 1
137 340 1
137 371 1
137 430 1
137 438 1
138 400 1
138 413 1
138 535 1
138 563 1
139 7 1
139 13 1
139 19 1
139 178 1
139 230 1
139 255 1
139 277 1
139 296 1
139 516 1
139 563 1
140 65 1
140 83 1
140 236 1
140 367 1
140 375 1
140 441 1
141 62 1
141 107 1
141 122 1
141 250 1
141 291 1
141 310 1
141 467 1
141 504 1
141 529 1
141 530 1
141 585 1
142 12 1
142 165 1
142 186 1
142 213 1
142 362 1
142 512 1
143 59 1
143 207 1
143 272 1
143 289 1
143 418 1
143 617 1
144 88 1
144 103 1
144 108 1
144 233 1
144 367 1
144 578 1
144 579 1
145 144 1
145 156 1
145 305 1
145 355 1
145 608 1
146 82 1
146 145 1
146 193 1
146 206 1
146 298 1
146 374 1
146 376 1
146 466 1
146 565 1
147 183 1
147 225 1
147 517 1
147 574 1
147 579 1
148 39 1
148 92 1
148 109 1
148 178 1
148 303 1
148 367 1
148 389 1
148 400 1
148 513 1
148 530 1
148 591 1
148 597 1
149 116 1
149 207 1
149 235 1
149 313 1
149 417 1
149 439 1
149 596 1
149 604 1
150 36 1
150 45 1
150 58 1
150 167 1
150 188 1
150 221 1
150 265 1
150 466 1
150 496 1
150 505 1
150 548 1
150 581 1
151 50 1
151 81 1
151 119 1
151 187 1
151 255 1
151 286 1
151 351 1
152 46 1
152 51 1
152 117 1
152 195 1
152 262 1
152 470 1
153 29 1
153 36 1
153 86 1
153 241 1
153 269 1
153 386 1
153 455 1
153 480 1
153 514 1
153 615 1
154 105 1
154 164 1
154 206 1
154 232 1
154 411 1
154 467 1
154 478 1
154 508 1
155 321 1
155 601 1
156 103 1
156 122 1
156 125 1
156 173 1
156 191 1
156 281 1
156 466 1
157 44 1
157 94 1
157 248 1
157 357 1
157 508 1
157 588 1
158 58 1
158 100 1
158 135 1
158 193 1
158 309 1
158 397 1
158 399 1
158 445 1
158 564 1
158 602 1
159 33 1
159 481 1
159 520 1
159 610 1
160 43 1
160 66 1
160 79 1
160 353 1
160 362 1
160 391 1
160 597 1
161 24 1
161 179 1
161 223 1
161 251 1
161 271 1
161 350 1
161 488 1
161 509 1
161 562 1
162 101 1
162 127 1
162 210 1
162 226 1
162 370 1
162 480 1
162 536 1
162 541 1
163 55 1
163 121 1
163 127 1
163 245 1
163 278 1
163 439 1
163 578 1
164 93 1
164 244 1
164 303 1
164 348 1
164 381 1
164 382 1
164 460 1
164 563 1
164 590 1
165 37 1
165 43 1
165 69 1
165 231 1
165 289 1
165 325 1
165 339 1
165 410 1
165 482 1
165 550 1
166 44 1
166 271 1
166 297 1
166 349 1
166 449 1
166 474 1
167 67 1
167 239 1
167 471 1
167 584 1
168 104 1
168 154 1
168 225 1
168 283 1
168 398 1
168 551 1
169 209 1
169 253 1
169 383 1
169 398 1
169 449 1
169 453 1
170 161 1
170 186 1
170 258 1
170 339 1
170 345 1
170 437 1
170 539 1
170 584 1
171 100 1
171 182 1
171 227 1
171 284 1
171 305 1
171 311 1
171 392 1
171 435 1
171 469 1
171 608 1
172 66 1
172 70 1
172 91 1
172 182 1
172 232 1
172 429 1
172 433 1
173 23 1
173 250 1
173 286 1
173 327 1
173 464 1
173 472 1
173 507 1
173 544 1
173 564 1
173 574 1
174 33 1
174 170 1
174 211 1
174 226 1
174 244 1
174 453 1
174 511 1
174 512 1
174 573 1
175 71 1
175 178 1
175 232 1
175 525 1
176 55 1
176 203 1
176 226 1
176 297 1
176 447 1
176 459 1
176 528 1
176 583 1
177 58 1
177 227 1
177 235 1
177 328 1
177 336 1
177 390 1
178 55 1
178 107 1
178 246 1
178 346 1
178 408 1
178 425 1
178 430 1
178 552 1
178 576 1
179 70 1
179 319 1
179 362 1
179 381 1
179 443 1
179 456 1
179 495 1
180 115 1
180 120 1
180 139 1
180 140 1
180 377 1
180 493 1
180 495 1
180 544 1
180 547 1
181 43 1
181 54 1
181 150 1
181 253 1
181 296 1
181 351 1
181 481 1
181 494 1
181 547 1
181 582 1
182 26 1
182 49 1
182 94 1
182 95 1
182 146 1
182 225 1
182 442 1
182 597 1
183 74 1
183 302 1
183 351 1
183 368 1
183 425 1
183 519 1
183 600 1
184 21 1
184 56 1
184 106 1
184 242 1
184 401 1
185 0 1
185 17 1
185 259 1
185 318 1
185 435 1
185 441 1
185 519 1
186 39 1
186 128 1
186 225 1
186 259 1
186 340 1
186 433 1
186 477 1
186 588 1
186 603 1
187 59 1
187 163 1
187 217 1
187 314 1
187 345 1
187 357 1
187 376 1
187 411 1
187 562 1
187 580 1
187 616 1
188 66 1
188 94 1
188 463 1
188 548 1
188 586 1
189 127 1
189 249 1
189 264 1
189 349 1
189 484 1
189 519 1
189 566 1
190 21 1
190 110 1
190 225 1
190 249 1
190 255 1
190 323 1
190 344 1
191 136 1
191 254 1
191 314 1
191 350 1
191 414 1
191 522 1
191 538 1
192 423 1
192 521 1
192 546 1
193 48 1
193 50 1
193 278 1
193 309 1
193 320 1
193 419 1
193 465 1
193 472 1
193 510 1
193 528 1
193 537 1
193 596 1
194 19 1
194 63 1
194 137 1
194 560 1
194 600 1
195 113 1
195 297 1
195 345 1
195 379 1
195 437 1
195 451 1
195 509 1
195 539 1
195 548 1
195 567 1
196 21 1
196 114 1
196 256 1
196 315 1
196 331 1
196 343 1
196 470 1
196 479 1
196 566 1
197 74 1
197 151 1
197 322 1
197 491 1
197 537 1
197 597 1
198 193 1
198 233 1
198 241 1
198 407 1
198 505 1
199 74 1
199 123 1
199 183 1
199 217 1
199 281 1
199 301 1
199 340 1
199 376 1
199 387 1
199 405 1
199 482 1
199 485 1
200 19 1
200 122 1
200 133 1
200 202 1
200 242 1
200 251 1
200 366 1
200 392 1
200 412 1
200 479 1
201 27 1
201 136 1
201 255 1
201 273 1
201 282 1
201 315 1
201 442 1
201 461 1
201 475 1
202 14 1
202 122 1
202 126 1
202 154 1
202 196 1
202 257 1
202 285 1
202 391 1
202 472 1
202 497 1
203 157 1
203 166 1
203 226 1
203 249 1
203 371 1
203 392 1
203 397 1
203 528 1
203 564 1
204 3 1
204 16 1
204 44 1
204 77 1
204 201 1
204 444 1
204 447 1
204 478 1
204 497 1
204 529 1
205 341 1
205 417 1
206 32 1
206 213 1
206 249 1
206 293 1
206 439 1
206 465 1
206 486 1
206 488 1
206 543 1
207 45 1
207 153 1
207 179 1
207 260 1
207 318 1
207 474 1
207 475 1
207 516 1
208 9 1
208 254 1
208 274 1
208 319 1
208 412 1
208 422 1
209 76 1
209 139 1
209 224 1
209 399 1
209 479 1
209 602 1
210 12 1
210 45 1
210 179 1
210 374 1
210 379 1
210 424 1
210 474 1
210 516 1
210 542 1
210 557 1
210 613 1
211 58 1
211 117 1
211 204 1
211 304 1
211 334 1
211 512 1
212 104 1
212 242 1
212 253 1
212 255 1
212 275 1
212 311 1
212 420 1
212 465 1
212 507 1
212 513 1
212 571 1
212 587 1
213 109 1
213 347 1
213 368 1
213 429 1
213 458 1
213 562 1
214 56 1
214 195 1
214 235 1
214 247 1
214 474 1
214 599 1
215 67 1
215 93 1
215 241 1
216 286 1
216 358 1
216 394 1
216 400 1
216 421 1
217 27 1
217 66 1
217 211 1
217 239 1
217 277 1
217 305 1
217 381 1
217 414 1
217 558 1
217 574 1
218 242 1
218 284 1
218 350 1
218 384 1
218 402 1
218 403 1
218 411 1
218 471 1
218 580 1
218 581 1
219 4 1
219 32 1
219 158 1
219 178 1
219 211 1
219 475 1
219 533 1
219 582 1
220 305 1
220 362 1
220 384 1
220 451 1
220 487 1
220 506 1
220 572 1
220 614 1
221 255 1
221 318 1
221 355 1
221 399 1
221 456 1
221 562 1
221 579 1
222 6 1
222 106 1
222 107 1
222 148 1
222 178 1
222 213 1
222 217 1
222 226 1
222 289 1
222 326 1
222 355 1
222 594 1
222 611 1
222 616 1
223 174 1
223 273 1
223 274 1
223 367 1
223 422 1
223 556 1
224 43 1
224 68 1
224 105 1
224 166 1
224 174 1
224 342 1
224 489 1
224 496 1
224 605 1
225 203 1
225 268 1
225 288 1
225 318 1
225 320 1
225 436 1
225 533 1
225 605 1
226 54 1
226 111 1
226 134 1
226 136 1
226 262 1
226 310 1
226 314 1
226 354 1
226 372 1
226 432 1
226 527 1
226 616 1
227 116 1
227 326 1
227 330 1
227 342 1
228 107 1
228 124 1
228 184 1
228 229 1
228 285 1
228 287 1
228 318 1
228 426 1
229 60 1
229 257 1
229 287 1
229 338 1
229 482 1
229 527 1
229 573 1
229 590 1
230 54 1
230 70 1
230 117 1
230 118 1
230 251 1
230 296 1
230 391 1
230 464 1
231 74 1
231 119 1
231 149 1
231 252 1
231 276 1
231 278 1
231 457 1
231 472 1
231 491 1
231 497 1
232 128 1
232 140 1
232 151 1
232 188 1
232 275 1
232 286 1
232 298 1
232 386 1
232 387 1
232 410 1
232 609 1
233 241 1
233 301 1
233 332 1
233 333 1
233 374 1
233 442 1
233 510 1
233 615 1
234 139 1
234 176 1
234 394 1
234 408 1
234 456 1
234 533 1
235 30 1
235 36 1
235 141 1
235 203 1
235 283 1
235 286 1
235 342 1
235 397 1
235 411 1
235 512 1
235 575 1
236 13 1
236 50 1
236 82 1
236 313 1
236 465 1
236 469 1
236 546 1
236 579 1
237 247 1
237 259 1
237 276 1
237 395 1
237 431 1
237 568 1
237 578 1
238 39 1
238 190 1
238 205 1
238 363 1
238 378 1
238 407 1
238 446 1
239 77 1
239 80 1
239 312 1
239 503 1
239 541 1
240 37 1
240 65 1
240 67 1
240 222 1
240 345 1
240 526 1
241 4 1
241 221 1
241 288 1
241 355 1
241 385 1
241 399 1
241 419 1
241 443 1
241 458 1
241 466 1
241 476 1
241 590 1
241 592 1
241 596 1
241 620 1
242 125 1
242 148 1
242 187 1
242 270 1
242 497 1
242 500 1
242 545 1
242 587 1
242 606 1
242 608 1
243 89 1
243 107 1
243 348 1
243 473 1
243 495 1
243 541 1
243 592 1
243 608 1
244 32 1
244 56 1
244 122 1
244 283 1
244 425 1
244 440 1
244 515 1
244 552 1
244 555 1
245 112 1
245 239 1
245 246 1
245 321 1
245 496 1
245 566 1
246 5 1
246 110 1
246 372 1
246 457 1
246 606 1
247 104 1
247 346 1
247 395 1
247 584 1
247 594 1
248 56 1
248 83 1
248 127 1
248 181 1
248 254 1
248 301 1
248 415 1
248 507 1
248 573 1
248 577 1
249 127 1
249 222 1
249 256 1
249 274 1
249 279 1
249 302 1
249 360 1
249 366 1
249 603 1
250 153 1
250 361 1
250 365 1
250 439 1
250 465 1
251 19 1
251 40 1
251 128 1
251 149 1
251 220 1
251 284 1
251 285 1
251 389 1
251 401 1
251 504 1
251 520 1
252 50 1
252 270 1
252 463 1
252 521 1
252 603 1
253 40 1
253 70 1
253 170 1
253 337 1
253 392 1
253 413 1
253 507 1
253 533 1
253 572 1
253 597 1
254 8 1
254 56 1
254 161 1
254 270 1
254 271 1
254 278 1
254 337 1
254 346 1
254 472 1
254 600 1
255 21 1
255 23 1
255 59 1
255 62 1
255 77 1
255 87 1
255 158 1
255 342 1
255 344 1
255 370 1
255 386 1
255 408 1
255 428 1
255 524 1
255 558 1
256 199 1
256 201 1
256 431 1
256 570 1
257 117 1
257 275 1
257 299 1
257 328 1
257 378 1
257 381 1
257 430 1
258 142 1
258 151 1
258 285 1
258 311 1
258 500 1
258 542 1
259 71 1
259 90 1
259 181 1
259 257 1
259 361 1
259 383 1
259 387 1
259 526 1
260 60 1
260 127 1
260 163 1
260 204 1
260 267 1
260 497 1
260 521 1
261 183 1
261 186 1
261 240 1
261 292 1
261 600 1
262 134 1
262 156 1
262 193 1
262 293 1
262 307 1
262 437 1
262 499 1
262 525 1
262 546 1
263 12 1
263 95 1
263 153 1
263 176 1
263 318 1
263 386 1
263 521 1
263 525 1
263 567 1
264 9 1
264 100 1
264 195 1
264 305 1
264 441 1
264 516 1
264 533 1
264 538 1
264 565 1
265 10 1
265 13 1
265 66 1
265 203 1
265 345 1
265 377 1
265 407 1
266 58 1
266 154 1
266 180 1
266 440 1
266 534 1
267 0 1
267 95 1
267 259 1
267 304 1
267 354 1
267 382 1
267 388 1
267 402 1
267 564 1
267 572 1
268 141 1
268 313 1
268 357 1
268 399 1
268 420 1
268 526 1
269 7 1
269 145 1
269 196 1
269 235 1
269 441 1
269 503 1
269 612 1
269 614 1
270 15 1
270 88 1
270 161 1
270 189 1
270 274 1
270 293 1
270 339 1
270 397 1
270 408 1
270 517 1
271 34 1
271 48 1
271 95 1
271 248 1
271 337 1
271 374 1
271 402 1
271 425 1
271 472 1
271 489 1
271 583 1
271 612 1
272 42 1
272 212 1
272 285 1
272 325 1
272 544 1
272 593 1
273 101 1
273 235 1
273 280 1
273 301 1
273 303 1
273 319 1
273 431 1
273 582 1
274 122 1
274 157 1
274 191 1
274 194 1
274 216 1
274 218 1
274 294 1
274 382 1
274 386 1
274 416 1
274 468 1
274 516 1
274 531 1
275 6 1
275 53 1
275 63 1
275 148 1
275 149 1
275 197 1
275 284 1
275 310 1
275 462 1
275 500 1
275 577 1
276 4 1
276 12 1
276 80 1
276 266 1
276 337 1
276 409 1
276 521 1
277 8 1
277 187 1
277 338 1
277 416 1
277 477 1
277 516 1
278 53 1
278 177 1
278 191 1
278 218 1
278 344 1
278 450 1
278 476 1
278 483 1
279 37 1
279 133 1
279 264 1
279 308 1
279 317 1
279 343 1
279 403 1
279 507 1
279 580 1
280 133 1
280 136 1
280 187 1
280 263 1
280 271 1
280 293 1
280 326 1
280 479 1
280 558 1
281 10 1
281 62 1
281 246 1
281 248 1
281 291 1
281 345 1
281 510 1
281 572 1
282 2 1
282 156 1
282 433 1
282 519 1
282 542 1
283 36 1
283 381 1
283 387 1
283 406 1
283 584 1
283 615 1
284 6 1
284 99 1
284 109 1
284 125 1
284 136 1
284 198 1
284 220 1
284 322 1
284 391 1
284 538 1
285 67 1
285 104 1
285 158 1
285 380 1
285 437 1
285 472 1
285 479 1
285 596 1
285 598 1
285 608 1
286 15 1
286 25 1
286 32 1
286 199 1
286 222 1
286 231 1
286 241 1
286 293 1
286 355 1
286 485 1
286 531 1
286 540 1
287 17 1
287 56 1
287 57 1
287 64 1
287 119 1
287 213 1
287 248 1
287 309 1
287 381 1
287 397 1
287 508 1
287 579 1
287 603 1
287 620 1
288 44 1
288 79 1
288 87 1
288 297 1
288 394 1
288 483 1
288 516 1
289 182 1
289 200 1
289 336 1
289 466 1
289 475 1
289 600 1
290 96 1
290 150 1
290 362 1
290 370 1
290 414 1
291 13 1
291 67 1
291 112 1
291 118 1
291 159 1
291 243 1
291 306 1
291 363 1
291 421 1
291 469 1
291 487 1
291 528 1
291 617 1
292 6 1
292 105 1
292 128 1
292 271 1
292 330 1
292 343 1
293 19 1
293 71 1
293 162 1
293 265 1
293 356 1
293 584 1
293 597 1
293 608 1
294 102 1
294 109 1
294 352 1
294 518 1
294 580 1
295 267 1
295 429 1
295 512 1
295 565 1
296 111 1
296 316 1
296 355 1
296 359 1
296 397 1
296 501 1
296 550 1
297 50 1
297 67 1
297 199 1
297 286 1
297 305 1
297 362 1
297 394 1
297 441 1
297 491 1
297 538 1
298 33 1
298 199 1
298 249 1
298 381 1
298 529 1
298 624 1
299 51 1
299 187 1
299 188 1
299 279 1
299 366 1
299 590 1
299 609 1
300 48 1
300 60 1
300 106 1
300 149 1
300 153 1
300 224 1
300 263 1
300 275 1
300 279 1
300 604 1
301 210 1
301 311 1
301 328 1
301 346 1
301 368 1
301 393 1
302 44 1
302 83 1
302 110 1
302 268 1
302 285 1
302 507 1
302 529 1
302 550 1
302 567 1
302 595 1
303 4 1
303 11 1
303 60 1
303 71 1
303 94 1
303 406 1
303 480 1
303 566 1
303 608 1
304 33 1
304 59 1
304 91 1
304 255 1
305 6 1
305 79 1
305 114 1
305 161 1
305 167 1
305 373 1
305 471 1
305 570 1
305 575 1
305 618 1
306 51 1
306 235 1
306 408 1
306 459 1
306 469 1
306 479 1
306 575 1
307 128 1
307 165 1
307 172 1
307 237 1
307 322 1
308 160 1
308 483 1
308 492 1
309 73 1
309 88 1
309 108 1
309 187 1
309 315 1
309 383 1
309 398 1
309 421 1
309 611 1
310 116 1
310 126 1
310 168 1
310 184 1
310 212 1
310 227 1
310 252 1
310 305 1
310 338 1
310 381 1
310 470 1
310 591 1
311 29 1
311 54 1
311 99 1
311 222 1
311 238 1
311 271 1
311 305 1
311 408 1
311 487 1
311 515 1
311 523 1
311 536 1
312 139 1
312 190 1
312 208 1
312 247 1
312 314 1
313 48 1
313 276 1
313 437 1
313 463 1
313 487 1
314 63 1
314 141 1
314 163 1
314 180 1
314 228 1
314 253 1
314 330 1
314 331 1
314 432 1
314 515 1
314 621 1
315 95 1
315 122 1
315 151 1
315 238 1
315 390 1
315 433 1
315 463 1
315 464 1
315 508 1
316 98 1
316 119 1
316 130 1
316 186 1
317 64 1
317 196 1
317 338 1
317 419 1
317 586 1
318 23 1
318 112 1
318 189 1
318 199 1
318 237 1
318 252 1
318 324 1
318 443 1
318 481 1
318 510 1
319 22 1
319 243 1
319 245 1
319 332 1
319 353 1
319 362 1
319 388 1
319 488 1
319 507 1
320 54 1
320 75 1
320 217 1
320 237 1
320 604 1
321 36 1
321 79 1
321 92 1
321 417 1
321 497 1
321 576 1
322 80 1
322 84 1
322 128 1
322 186 1
322 274 1
322 334 1
322 496 1
323 363 1
323 492 1
323 590 1
324 118 1
324 139 1
324 310 1
324 345 1
324 542 1
325 130 1
325 233 1
325 299 1
325 385 1
325 496 1
325 537 1
326 20 1
326 144 1
326 258 1
326 274 1
326 329 1
326 350 1
326 399 1
326 455 1
327 57 1
327 204 1
327 418 1
328 110 1
328 196 1
328 219 1
328 245 1
328 426 1
328 453 1
328 564 1
329 255 1
329 342 1
329 493 1
329 539 1
330 68 1
330 79 1
330 125 1
330 149 1
330 177 1
330 332 1
330 339 1
330 459 1
330 561 1
331 143 1
331 490 1
331 571 1
332 112 1
332 146 1
332 212 1
332 222 1
332 405 1
332 447 1
332 605 1
333 96 1
333 156 1
333 254 1
333 279 1
333 349 1
333 449 1
334 113 1
334 280 1
334 401 1
335 38 1
335 64 1
335 339 1
335 448 1
335 489 1
336 60 1
336 86 1
336 171 1
336 196 1
336 276 1
336 312 1
336 430 1
336 455 1
337 34 1
337 47 1
337 211 1
337 300 1
337 328 1
337 346 1
337 359 1
337 368 1
337 437 1
337 449 1
337 538 1
337 556 1
338 5 1
338 68 1
338 148 1
338 218 1
338 230 1
338 232 1
338 360 1
339 9 1
339 16 1
339 23 1
339 296 1
339 338 1
339 388 1
339 619 1
340 30 1
340 46 1
340 62 1
340 68 1
340 134 1
340 140 1
340 147 1
340 160 1
340 241 1
340 417 1
340 435 1
340 472 1
340 555 1
340 591 1
340 599 1
341 100 1
341 102 1
341 254 1
341 325 1
341 503 1
342 260 1
342 266 1
342 348 1
342 358 1
342 425 1
342 450 1
342 487 1
342 555 1
342 622 1
343 30 1
343 58 1
343 88 1
343 178 1
343 381 1
343 386 1
343 583 1
343 607 1
344 454 1
344 504 1
344 547 1
344 620 1
345 47 1
345 176 1
345 250 1
345 355 1
345 365 1
345 395 1
345 401 1
345 518 1
345 589 1
345 621 1
346 37 1
346 96 1
346 168 1
346 230 1
346 258 1
346 392 1
346 577 1
347 197 1
347 218 1
347 284 1
347 329 1
347 371 1
347 402 1
348 32 1
348 95 1
348 274 1
348 317 1
348 468 1
348 537 1
349 11 1
349 31 1
349 251 1
349 399 1
349 467 1
349 469 1
349 534 1
349 588 1
349 599 1
350 89 1
350 98 1
350 114 1
350 118 1
350 205 1
350 224 1
350 269 1
350 302 1
350 556 1
351 38 1
351 72 1
351 158 1
351 187 1
351 200 1
351 202 1
351 264 1
351 286 1
351 515 1
352 52 1
352 53 1
352 110 1
352 193 1
352 203 1
352 208 1
352 260 1
352 453 1
353 73 1
353 115 1
353 165 1
353 242 1
353 306 1
353 522 1
354 181 1
354 210 1
354 380 1
354 408 1
354 454 1
354 563 1
354 618 1
355 67 1
355 155 1
355 186 1
355 207 1
355 238 1
355 317 1
355 357 1
355 465 1
355 554 1
356 245 1
356 287 1
356 304 1
356 337 1
356 435 1
356 437 1
356 453 1
357 1 1
357 77 1
357 80 1
357 164 1
357 178 1
357 194 1
357 224 1
357 410 1
357 613 1
358 90 1
358 199 1
358 286 1
358 287 1
358 362 1
358 585 1
359 3 1
359 32 1
359 53 1
359 126 1
359 268 1
359 340 1
359 343 1
359 352 1
359 384 1
359 430 1
359 488 1
360 8 1
360 71 1
360 138 1
360 228 1
360 489 1
360 538 1
360 557 1
361 84 1
361 120 1
361 148 1
361 207 1
361 234 1
361 299 1
361 370 1
361 388 1
362 31 1
362 60 1
362 61 1
362 180 1
362 181 1
362 415 1
362 416 1
362 422 1
362 429 1
362 484 1
362 543 1
362 544 1
363 50 1
363 330 1
363 384 1
363 480 1
363 485 1
363 527 1
363 606 1
363 609 1
363 611 1
364 64 1
364 142 1
364 290 1
364 363 1
364 545 1
364 555 1
365 218 1
365 283 1
365 287 1
365 391 1
365 401 1
365 419 1
365 449 1
366 50 1
366 57 1
366 291 1
366 448 1
366 483 1
366 499 1
366 519 1
366 569 1
366 618 1
367 23 1
367 33 1
367 58 1
367 61 1
367 66 1
367 197 1
367 248 1
367 415 1
367 417 1
367 494 1
367 510 1
368 2 1
368 36 1
368 158 1
368 199 1
368 257 1
368 389 1
368 513 1
368 548 1
369 237 1
369 257 1
369 281 1
369 299 1
369 394 1
370 69 1
370 235 1
370 240 1
370 366 1
370 402 1
370 468 1
370 516 1
370 523 1
370 529 1
370 537 1
371 74 1
371 121 1
371 122 1
371 209 1
371 210 1
371 280 1
371 556 1
372 20 1
372 146 1
372 330 1
372 393 1
372 407 1
372 466 1
372 557 1
373 56 1
373 363 1
373 502 1
373 571 1
374 81 1
374 92 1
374 176 1
374 180 1
374 195 1
374 214 1
374 333 1
374 620 1
375 42 1
375 169 1
375 279 1
375 365 1
375 489 1
375 490 1
375 604 1
376 45 1
376 91 1
376 162 1
376 370 1
376 427 1
376 560 1
376 593 1
377 30 1
377 228 1
377 306 1
378 88 1
378 264 1
378 291 1
378 338 1
378 381 1
378 482 1
378 620 1
379 99 1
379 296 1
379 305 1
379 336 1
379 373 1
379 403 1
379 422 1
380 173 1
380 182 1
380 258 1
380 269 1
380 316 1
380 324 1
380 422 1
380 485 1
380 500 1
381 75 1
381 101 1
381 221 1
381 222 1
381 229 1
381 234 1
381 263 1
381 367 1
381 380 1
381 385 1
381 440 1
381 526 1
381 587 1
382 151 1
382 166 1
382 230 1
382 407 1
383 200 1
383 238 1
383 308 1
383 320 1
383 513 1
383 572 1
383 601 1
384 84 1
384 85 1
384 161 1
384 236 1
384 283 1
384 337 1
384 358 1
384 476 1
384 539 1
384 599 1
385 10 1
385 102 1
385 453 1
385 473 1
385 618 1
385 620 1
386 138 1
386 140 1
386 295 1
386 359 1
386 405 1
386 422 1
386 456 1
386 467 1
386 521 1
386 563 1
387 27 1
387 96 1
387 115 1
387 427 1
387 492 1
387 554 1
387 598 1
388 120 1
388 185 1
388 200 1
388 367 1
388 389 1
388 499 1
388 551 1
388 555 1
389 30 1
389 56 1
389 169 1
389 348 1
389 414 1
389 426 1
389 559 1
389 598 1
390 29 1
390 417 1
390 538 1
391 39 1
391 177 1
391 179 1
391 206 1
391 251 1
391 367 1
391 370 1
391 380 1
391 606 1
392 78 1
392 102 1
392 336 1
392 423 1
392 527 1
392 585 1
393 102 1
393 129 1
393 175 1
393 300 1
393 306 1
393 361 1
393 365 1
393 407 1
393 419 1
393 534 1
393 537 1
394 64 1
394 84 1
394 150 1
394 202 1
394 204 1
394 347 1
394 431 1
394 530 1
394 571 1
394 586 1
394 595 1
395 66 1
395 110 1
395 200 1
395 226 1
395 342 1
395 468 1
395 498 1
395 576 1
396 38 1
396 141 1
396 487 1
396 569 1
396 576 1
396 617 1
397 38 1
397 39 1
397 98 1
397 228 1
397 288 1
397 335 1
397 340 1
397 460 1
397 512 1
398 181 1
398 186 1
398 199 1
398 314 1
398 454 1
398 597 1
399 61 1
399 113 1
399 152 1
399 181 1
399 204 1
399 356 1
399 402 1
399 440 1
399 557 1
399 560 1
400 57 1
400 298 1
400 419 1
400 433 1
400 501 1
400 517 1
400 569 1
401 112 1
401 297 1
401 380 1
401 446 1
401 447 1
401 448 1
401 594 1
402 31 1
402 203 1
402 224 1
402 275 1
402 394 1
402 446 1
402 467 1
402 532 1
403 1 1
403 55 1
403 71 1
403 85 1
403 238 1
403 275 1
403 295 1
403 351 1
403 460 1
403 469 1
403 607 1
403 613 1
404 3 1
404 65 1
404 484 1
405 201 1
405 209 1
405 218 1
405 294 1
405 318 1
405 347 1
405 369 1
405 540 1
406 179 1
406 200 1
406 275 1
406 299 1
406 365 1
406 404 1
406 616 1
407 22 1
407 77 1
407 153 1
407 164 1
407 168 1
407 254 1
407 257 1
407 340 1
407 351 1
407 476 1
407 524 1
407 540 1
408 146 1
408 177 1
408 212 1
408 287 1
408 438 1
408 586 1
408 608 1
409 261 1
409 364 1
409 480 1
409 521 1
410 110 1
410 126 1
410 271 1
410 320 1
410 340 1
410 446 1
410 597 1
411 16 1
411 31 1
411 140 1
411 190 1
411 310 1
411 356 1
411 551 1
412 50 1
412 221 1
412 247 1
412 287 1
412 393 1
412 532 1
412 602 1
412 616 1
413 95 1
413 116 1
413 150 1
413 160 1
413 275 1
413 296 1
414 44 1
414 224 1
414 335 1
414 442 1
414 551 1
414 586 1
414 601 1
414 607 1
415 87 1
415 139 1
415 216 1
415 229 1
415 470 1
415 519 1
415 591 1
416 58 1
416 80 1
416 290 1
416 355 1
416 403 1
416 528 1
416 592 1
417 32 1
417 104 1
417 109 1
417 131 1
417 280 1
417 415 1
417 539 1
418 200 1
418 206 1
418 229 1
418 406 1
418 455 1
418 470 1
418 538 1
418 541 1
419 12 1
419 15 1
419 22 1
419 82 1
419 155 1
419 173 1
419 199 1
419 214 1
419 251 1
419 315 1
419 412 1
420 3 1
420 106 1
420 266 1
420 409 1
420 470 1
421 121 1
421 137 1
421 166 1
421 289 1
422 32 1
422 81 1
422 193 1
422 202 1
422 204 1
422 302 1
422 312 1
422 381 1
422 540 1
423 7 1
423 162 1
423 359 1
423 486 1
424 214 1
424 219 1
424 280 1
424 393 1
424 430 1
424 516 1
425 27 1
425 58 1
425 109 1
425 144 1
425 289 1
425 297 1
425 313 1
425 393 1
425 486 1
425 565 1
426 223 1
426 270 1
426 273 1
426 362 1
426 412 1
426 436 1
426 475 1
426 582 1
426 608 1
427 84 1
427 516 1
427 575 1
427 602 1
428 40 1
428 83 1
428 121 1
428 273 1
428 320 1
428 590 1
429 301 1
429 386 1
429 417 1
429 507 1
429 561 1
430 1 1
430 80 1
430 91 1
430 200 1
430 382 1
430 386 1
430 425 1
431 6 1
431 32 1
431 170 1
431 249 1
431 429 1
431 435 1
431 526 1
431 587 1
432 35 1
432 95 1
432 137 1
432 160 1
432 350 1
432 385 1
432 425 1
432 604 1
433 0 1
433 26 1
433 42 1
433 54 1
433 69 1
433 109 1
433 113 1
433 159 1
433 201 1
433 216 1
433 222 1
433 345 1
433 403 1
433 490 1
434 219 1
434 394 1
435 10 1
435 43 1
435 136 1
435 162 1
435 174 1
435 326 1
435 343 1
435 450 1
435 493 1
435 502 1
436 47 1
436 97 1
436 174 1
436 230 1
436 296 1
436 469 1
437 31 1
437 88 1
437 108 1
437 237 1
437 240 1
437 310 1
437 380 1
437 407 1
437 463 1
437 504 1
437 602 1
438 69 1
438 231 1
438 260 1
438 498 1
438 508 1
439 130 1
439 235 1
439 351 1
439 466 1
440 10 1
440 189 1
440 234 1
440 267 1
440 465 1
440 485 1
440 527 1
441 34 1
441 89 1
441 129 1
441 210 1
441 248 1
441 302 1
441 349 1
441 362 1
441 413 1
441 414 1
442 50 1
442 146 1
442 151 1
442 187 1
442 217 1
442 565 1
443 125 1
443 426 1
443 553 1
443 580 1
444 72 1
444 161 1
444 264 1
445 138 1
445 273 1
445 275 1
445 407 1
445 422 1
446 47 1
446 64 1
446 69 1
446 143 1
446 288 1
446 312 1
446 352 1
446 366 1
446 414 1
446 428 1
446 475 1
446 535 1
446 590 1
447 6 1
447 241 1
447 271 1
447 287 1
447 356 1
447 464 1
447 595 1
448 14 1
448 218 1
448 251 1
448 608 1
449 70 1
449 85 1
449 101 1
449 103 1
449 279 1
449 335 1
449 557 1
449 589 1
450 224 1
450 243 1
450 456 1
451 57 1
451 109 1
451 148 1
451 578 1
452 27 1
452 29 1
452 42 1
453 26 1
453 86 1
453 111 1
453 231 1
453 284 1
453 331 1
453 513 1
453 603 1
454 6 1
454 46 1
454 361 1
454 551 1
454 622 1
455 135 1
455 154 1
455 249 1
455 268 1
455 384 1
455 457 1
455 544 1
455 578 1
455 595 1
456 23 1
456 127 1
456 432 1
456 436 1
456 440 1
456 446 1
456 608 1
456 619 1
457 19 1
457 126 1
457 129 1
457 130 1
457 134 1
457 602 1
458 47 1
458 81 1
458 285 1
458 487 1
459 86 1
459 98 1
459 255 1
459 537 1
460 36 1
460 201 1
460 263 1
460 297 1
460 490 1
460 496 1
460 517 1
461 84 1
461 85 1
461 260 1
462 204 1
462 241 1
462 394 1
462 540 1
463 43 1
463 104 1
463 189 1
463 214 1
463 337 1
463 357 1
463 446 1
463 505 1
464 321 1
464 357 1
464 372 1
464 425 1
464 452 1
464 498 1
464 508 1
465 4 1
465 24 1
465 133 1
465 152 1
465 172 1
465 221 1
465 360 1
465 381 1
465 416 1
465 498 1
465 537 1
465 584 1
466 11 1
466 90 1
466 110 1
466 164 1
466 217 1
466 242 1
466 265 1
466 267 1
466 333 1
466 376 1
466 416 1
466 481 1
466 500 1
466 530 1
466 534 1
467 2 1
467 180 1
467 189 1
467 272 1
467 280 1
467 406 1
467 592 1
468 60 1
468 93 1
468 112 1
468 134 1
468 185 1
468 412 1
468 485 1
468 587 1
469 45 1
469 75 1
469 88 1
469 97 1
469 119 1
469 311 1
469 326 1
469 336 1
469 433 1
469 489 1
469 619 1
470 10 1
470 15 1
470 83 1
470 176 1
470 441 1
470 455 1
470 507 1
470 583 1
471 77 1
471 142 1
471 221 1
471 241 1
471 366 1
471 370 1
471 406 1
471 557 1
472 55 1
472 152 1
472 179 1
472 182 1
472 199 1
472 228 1
472 263 1
472 326 1
472 361 1
472 435 1
472 555 1
472 570 1
473 39 1
473 88 1
473 195 1
473 206 1
474 126 1
474 165 1
474 392 1
474 473 1
474 480 1
474 580 1
475 9 1
475 81 1
475 83 1
475 167 1
475 229 1
475 230 1
475 243 1
475 319 1
475 337 1
475 444 1
475 508 1
476 112 1
476 137 1
476 141 1
476 170 1
476 222 1
476 284 1
476 328 1
476 606 1
477 16 1
477 201 1
477 208 1
477 262 1
477 426 1
477 486 1
477 552 1
477 613 1
478 44 1
478 76 1
478 363 1
478 543 1
478 583 1
479 19 1
479 85 1
479 95 1
479 124 1
479 130 1
479 270 1
479 403 1
479 432 1
479 445 1
479 472 1
479 483 1
480 41 1
480 107 1
480 113 1
480 164 1
480 219 1
480 236 1
480 240 1
480 288 1
480 297 1
480 495 1
481 13 1
481 154 1
481 240 1
481 262 1
481 349 1
481 368 1
481 612 1
482 21 1
482 89 1
482 110 1
482 184 1
482 287 1
482 521 1
482 539 1
483 10 1
483 232 1
483 251 1
483 284 1
483 313 1
483 407 1
483 415 1
483 435 1
483 554 1
483 557 1
484 39 1
484 40 1
484 62 1
484 117 1
484 193 1
484 400 1
484 555 1
485 61 1
485 64 1
485 70 1
485 83 1
485 93 1
485 161 1
485 235 1
485 274 1
485 280 1
485 393 1
485 522 1
485 549 1
485 566 1
486 62 1
486 158 1
486 255 1
486 349 1
486 413 1
486 557 1
486 583 1
486 594 1
486 623 1
487 12 1
487 80 1
487 98 1
487 211 1
487 214 1
487 303 1
487 435 1
487 488 1
487 495 1
487 497 1
487 572 1
487 573 1
487 605 1
487 624 1
488 49 1
488 53 1
488 133 1
488 158 1
488 162 1
488 246 1
488 315 1
488 318 1
488 357 1
488 368 1
488 381 1
488 446 1
488 509 1
488 542 1
489 73 1
489 95 1
489 137 1
489 139 1
489 163 1
489 207 1
489 488 1
489 594 1
490 141 1
490 255 1
490 270 1
490 299 1
490 314 1
490 479 1
490 612 1
491 131 1
491 141 1
491 171 1
491 174 1
491 285 1
491 472 1
492 206 1
492 530 1
492 545 1
492 578 1
492 612 1
493 27 1
493 222 1
493 230 1
493 303 1
493 353 1
494 154 1
494 184 1
494 225 1
494 229 1
494 360 1
494 464 1
494 609 1
495 12 1
495 53 1
495 133 1
495 171 1
495 259 1
495 476 1
495 533 1
495 572 1
495 610 1
496 152 1
496 210 1
496 260 1
496 276 1
496 384 1
496 434 1
496 570 1
496 601 1
496 610 1
497 113 1
497 160 1
497 266 1
497 303 1
497 367 1
497 420 1
497 435 1
497 516 1
497 589 1
498 13 1
498 55 1
498 139 1
498 253 1
498 514 1
498 588 1
498 619 1
498 624 1
499 198 1
499 253 1
499 523 1
499 531 1
500 170 1
500 176 1
500 243 1
500 279 1
500 371 1
500 418 1
500 584 1
501 67 1
501 79 1
501 98 1
501 136 1
501 148 1
501 302 1
501 340 1
501 440 1
501 525 1
501 600 1
501 612 1
502 52 1
502 81 1
502 111 1
502 171 1
502 371 1
502 488 1
503 17 1
503 175 1
503 212 1
503 309 1
503 310 1
503 423 1
503 478 1
504 136 1
504 212 1
504 232 1
504 236 1
504 254 1
504 315 1
504 354 1
504 389 1
504 468 1
504 474 1
504 613 1
505 15 1
505 26 1
505 49 1
505 291 1
505 360 1
506 110 1
506 134 1
506 193 1
506 397 1
507 273 1
507 349 1
507 383 1
507 388 1
507 495 1
507 524 1
507 526 1
507 529 1
507 591 1
507 607 1
508 39 1
508 86 1
508 87 1
508 121 1
508 176 1
508 212 1
508 325 1
508 496 1
509 41 1
509 90 1
509 115 1
509 524 1
509 583 1
510 30 1
510 47 1
510 73 1
510 135 1
510 195 1
510 490 1
510 561 1
510 588 1
510 615 1
511 26 1
511 143 1
511 169 1
511 476 1
512 56 1
512 92 1
512 119 1
512 244 1
512 274 1
512 281 1
512 291 1
512 326 1
512 370 1
512 548 1
512 598 1
512 613 1
513 21 1
513 70 1
513 136 1
513 178 1
513 203 1
513 419 1
513 555 1
513 574 1
514 4 1
514 41 1
514 325 1
514 354 1
514 393 1
514 563 1
514 606 1
515 62 1
515 88 1
515 157 1
515 186 1
515 229 1
515 264 1
515 465 1
515 492 1
516 10 1
516 11 1
516 92 1
516 107 1
516 153 1
516 157 1
516 164 1
516 279 1
516 280 1
516 307 1
516 384 1
516 466 1
516 592 1
517 114 1
517 185 1
517 232 1
517 249 1
517 339 1
517 528 1
517 609 1
517 613 1
518 107 1
518 383 1
518 407 1
519 85 1
519 96 1
519 212 1
519 326 1
519 383 1
519 578 1
519 596 1
519 620 1
520 10 1
520 106 1
520 252 1
520 367 1
520 410 1
520 502 1
520 613 1
521 69 1
521 93 1
521 160 1
521 182 1
521 190 1
521 273 1
521 286 1
521 534 1
521 552 1
521 567 1
521 620 1
522 14 1
522 25 1
522 51 1
522 73 1
522 505 1
522 524 1
522 542 1
522 612 1
523 126 1
523 135 1
523 262 1
523 309 1
523 333 1
523 378 1
523 553 1
524 21 1
524 33 1
524 89 1
524 141 1
524 287 1
524 375 1
524 455 1
525 3 1
525 17 1
525 22 1
525 51 1
525 115 1
525 121 1
525 228 1
525 405 1
525 452 1
525 488 1
525 624 1
526 202 1
526 212 1
526 311 1
526 423 1
526 425 1
526 501 1
526 503 1
526 575 1
526 584 1
527 174 1
527 206 1
527 222 1
527 240 1
527 307 1
527 334 1
527 405 1
527 494 1
527 570 1
528 163 1
528 173 1
528 202 1
528 204 1
528 335 1
528 341 1
528 471 1
528 618 1
529 62 1
529 110 1
529 190 1
529 261 1
529 311 1
529 558 1
529 617 1
530 265 1
530 337 1
530 536 1
530 590 1
530 616 1
531 6 1
531 146 1
531 212 1
531 303 1
531 379 1
531 396 1
532 16 1
532 37 1
532 436 1
533 85 1
533 181 1
533 265 1
533 410 1
533 484 1
533 504 1
533 537 1
533 597 1
534 165 1
534 209 1
534 314 1
534 338 1
534 441 1
534 446 1
535 114 1
535 218 1
535 449 1
535 525 1
535 597 1
536 248 1
536 340 1
536 341 1
536 466 1
536 568 1
536 578 1
537 21 1
537 42 1
537 72 1
537 162 1
537 184 1
537 201 1
537 285 1
537 358 1
537 432 1
537 475 1
537 515 1
537 544 1
537 567 1
537 601 1
538 11 1
538 127 1
538 152 1
538 211 1
538 282 1
538 324 1
538 341 1
538 366 1
538 428 1
538 432 1
538 523 1
538 608 1
538 622 1
539 16 1
539 99 1
539 127 1
539 165 1
539 233 1
539 248 1
539 264 1
539 366 1
539 399 1
539 502 1
539 582 1
540 156 1
540 231 1
540 371 1
540 459 1
540 489 1
541 133 1
541 241 1
541 277 1
541 369 1
541 384 1
541 430 1
541 537 1
541 618 1
542 1 1
542 110 1
542 300 1
542 359 1
542 426 1
542 432 1
542 483 1
542 539 1
542 587 1
543 174 1
543 209 1
543 242 1
543 286 1
543 531 1
544 30 1
544 53 1
544 117 1
544 291 1
544 309 1
544 372 1
544 379 1
544 398 1
544 469 1
544 531 1
545 202 1
545 207 1
545 226 1
545 241 1
545 278 1
545 477 1
545 495 1
545 573 1
546 122 1
546 185 1
546 298 1
546 380 1
546 485 1
547 79 1
547 89 1
547 172 1
547 279 1
547 526 1
547 572 1
548 133 1
548 220 1
548 370 1
548 413 1
548 520 1
548 541 1
548 578 1
548 597 1
549 159 1
549 579 1
549 619 1
550 1 1
550 215 1
550 291 1
550 309 1
550 327 1
550 595 1
551 140 1
551 173 1
551 445 1
551 446 1
551 456 1
551 575 1
552 28 1
552 81 1
552 210 1
552 300 1
552 380 1
552 536 1
553 88 1
553 198 1
553 297 1
553 332 1
554 193 1
554 219 1
554 492 1
554 498 1
555 108 1
555 179 1
555 225 1
555 259 1
555 323 1
555 354 1
555 448 1
555 460 1
555 515 1
555 546 1
555 559 1
556 32 1
556 146 1
556 191 1
556 232 1
556 284 1
556 523 1
556 543 1
557 31 1
557 203 1
557 269 1
557 290 1
557 291 1
557 358 1
557 426 1
557 539 1
557 567 1
557 576 1
557 577 1
557 589 1
558 117 1
558 150 1
558 191 1
558 265 1
558 292 1
558 304 1
558 449 1
558 582 1
559 60 1
559 82 1
559 340 1
559 361 1
560 124 1
560 300 1
560 393 1
560 419 1
561 2 1
561 465 1
561 572 1
562 11 1
562 56 1
562 67 1
562 85 1
562 121 1
562 131 1
562 136 1
562 333 1
562 351 1
562 416 1
562 442 1
562 446 1
562 528 1
562 575 1
563 40 1
563 112 1
563 172 1
563 300 1
563 310 1
563 328 1
563 418 1
563 488 1
564 71 1
564 200 1
564 224 1
564 261 1
564 319 1
564 464 1
564 556 1
564 567 1
565 1 1
565 84 1
565 90 1
565 183 1
565 236 1
565 333 1
565 402 1
566 52 1
566 80 1
566 305 1
566 341 1
566 348 1
566 352 1
566 403 1
567 23 1
567 43 1
567 103 1
567 122 1
567 231 1
567 282 1
567 527 1
568 95 1
568 369 1
568 466 1
568 467 1
568 508 1
569 43 1
569 243 1
569 244 1
569 340 1
569 595 1
570 96 1
570 154 1
570 158 1
570 217 1
570 254 1
570 269 1
570 306 1
571 58 1
571 176 1
571 220 1
571 282 1
571 354 1
571 412 1
571 568 1
572 12 1
572 61 1
572 110 1
572 143 1
572 170 1
572 302 1
572 314 1
572 325 1
572 472 1
572 550 1
572 580 1
572 592 1
572 596 1
573 226 1
573 315 1
573 345 1
573 348 1
573 354 1
573 391 1
574 71 1
574 87 1
574 319 1
574 388 1
574 565 1
574 572 1
574 615 1
575 63 1
575 70 1
575 95 1
575 105 1
575 181 1
575 232 1
575 424 1
575 471 1
575 485 1
575 545 1
575 580 1
575 613 1
576 29 1
576 49 1
576 183 1
576 185 1
576 405 1
576 412 1
577 58 1
577 194 1
577 228 1
577 480 1
577 519 1
578 37 1
578 39 1
578 95 1
578 218 1
578 250 1
578 359 1
578 378 1
578 453 1
578 468 1
578 557 1
578 588 1
579 41 1
579 43 1
579 56 1
579 148 1
579 340 1
579 399 1
579 495 1
580 49 1
580 94 1
580 106 1
580 111 1
580 195 1
580 377 1
580 501 1
580 506 1
580 539 1
581 40 1
581 180 1
581 346 1
581 431 1
582 163 1
582 167 1
582 180 1
582 337 1
582 351 1
582 394 1
582 435 1
582 511 1
582 525 1
582 585 1
583 47 1
583 110 1
583 190 1
583 203 1
583 222 1
583 244 1
583 494 1
583 498 1
583 500 1
583 538 1
583 572 1
584 21 1
584 136 1
584 185 1
584 263 1
584 322 1
584 384 1
584 443 1
584 457 1
584 491 1
584 518 1
585 4 1
585 24 1
585 31 1
585 72 1
585 93 1
585 336 1
585 384 1
585 414 1
585 482 1
586 25 1
586 79 1
586 249 1
586 318 1
586 483 1
586 525 1
586 544 1
586 599 1
587 37 1
587 104 1
587 112 1
587 168 1
587 291 1
587 357 1
587 364 1
587 367 1
587 488 1
588 7 1
588 82 1
588 319 1
588 410 1
588 519 1
588 555 1
589 5 1
589 64 1
589 241 1
589 445 1
589 615 1
590 24 1
590 90 1
590 153 1
590 165 1
590 188 1
590 336 1
590 419 1
590 485 1
590 504 1
590 507 1
591 112 1
591 222 1
591 239 1
591 369 1
591 465 1
591 487 1
591 498 1
592 15 1
592 96 1
592 100 1
592 134 1
592 246 1
592 272 1
592 353 1
592 359 1
593 192 1
593 253 1
593 605 1
594 3 1
594 13 1
594 207 1
594 248 1
594 277 1
594 288 1
594 386 1
594 422 1
594 510 1
594 564 1
594 609 1
595 0 1
595 4 1
595 96 1
595 134 1
595 164 1
595 310 1
595 339 1
595 477 1
595 520 1
596 58 1
596 66 1
596 108 1
596 157 1
596 307 1
596 330 1
596 352 1
597 4 1
597 126 1
597 137 1
597 143 1
597 164 1
597 174 1
597 264 1
597 285 1
597 298 1
597 330 1
597 455 1
597 468 1
597 477 1
597 541 1
597 574 1
598 217 1
598 410 1
598 487 1
598 522 1
598 545 1
599 65 1
599 229 1
599 361 1
599 378 1
599 469 1
599 470 1
600 147 1
600 173 1
600 192 1
600 310 1
600 454 1
600 460 1
600 483 1
600 495 1
600 568 1
601 118 1
601 265 1
601 452 1
601 471 1
601 532 1
602 40 1
602 48 1
602 96 1
602 231 1
602 238 1
602 468 1
602 485 1
602 542 1
603 55 1
603 170 1
603 428 1
603 512 1
603 517 1
603 591 1
604 76 1
604 94 1
604 376 1
604 501 1
604 544 1
604 587 1
605 166 1
605 254 1
605 287 1
605 373 1
605 374 1
606 37 1
606 57 1
606 68 1
606 195 1
606 201 1
606 321 1
606 523 1
606 541 1
607 40 1
607 139 1
607 148 1
607 278 1
607 513 1
607 522 1
608 22 1
608 46 1
608 55 1
608 62 1
608 120 1
608 327 1
608 332 1
608 368 1
608 396 1
608 411 1
608 438 1
608 466 1
608 482 1
608 488 1
608 515 1
608 527 1
609 57 1
609 91 1
609 118 1
609 186 1
609 194 1
609 263 1
609 374 1
609 378 1
609 438 1
609 458 1
609 528 1
609 557 1
610 63 1
610 81 1
610 281 1
610 310 1
610 328 1
610 336 1
610 342 1
610 549 1
610 597 1
611 12 1
611 29 1
611 419 1
611 436 1
611 575 1
612 173 1
612 366 1
612 461 1
612 464 1
612 504 1
612 526 1
612 569 1
612 586 1
613 35 1
613 255 1
613 271 1
613 307 1
613 343 1
613 350 1
613 380 1
613 523 1
613 562 1
613 587 1
614 351 1
614 484 1
614 510 1
615 111 1
615 119 1
615 148 1
615 149 1
615 343 1
615 375 1
615 538 1
615 608 1
616 213 1
616 242 1
616 357 1
616 360 1
616 427 1
616 520 1
616 572 1
617 96 1
617 321 1
617 330 1
617 571 1
617 592 1
618 15 1
618 49 1
618 147 1
618 166 1
618 172 1
618 216 1
618 223 1
618 472 1
619 19 1
619 33 1
619 195 1
619 251 1
619 267 1
619 521 1
620 115 1
620 143 1
620 144 1
620 389 1
620 437 1
620 451 1
620 562 1
620 582 1
620 585 1
620 610 1
621 127 1
621 309 1
621 479 1
621 533 1
621 542 1
622 34 1
622 297 1
622 460 1
623 529 1
624 50 1
624 65 1
624 101 1
624 191 1
624 486 1
624 547 1
624 548 1
