vi vj e
0 19 1
0 30 1
0 52 1
0 60 1
0 81 1
0 431 1
0 495 1
1 54 1
1 153 1
1 259 1
1 369 1
1 414 1
1 429 1
1 505 1
1 552 1
2 71 1
2 325 1
2 383 1
2 405 1
2 459 1
2 496 1
2 571 1
2 628 1
3 11 1
3 136 1
3 147 1
3 233 1
3 487 1
3 621 1
3 652 1
4 36 1
4 37 1
4 309 1
4 538 1
4 557 1
4 579 1
4 584 1
5 409 1
5 482 1
5 506 1
5 549 1
5 595 1
5 608 1
6 470 1
6 526 1
6 531 1
6 545 1
7 71 1
7 100 1
7 196 1
7 257 1
7 328 1
7 382 1
7 599 1
8 99 1
8 110 1
8 142 1
8 181 1
8 317 1
8 382 1
8 387 1
8 613 1
8 643 1
9 4 1
9 578 1
9 581 1
9 609 1
9 668 1
10 32 1
10 100 1
10 130 1
10 182 1
10 359 1
10 420 1
10 543 1
10 665 1
11 54 1
11 146 1
11 285 1
11 299 1
11 333 1
11 354 1
11 503 1
11 546 1
12 66 1
12 114 1
12 211 1
12 353 1
13 25 1
13 205 1
13 277 1
13 280 1
13 297 1
13 299 1
13 411 1
13 450 1
13 637 1
14 67 1
14 220 1
14 262 1
14 529 1
14 541 1
14 583 1
14 675 1
15 23 1
15 72 1
15 321 1
15 360 1
15 561 1
15 587 1
15 624 1
16 126 1
16 152 1
16 156 1
16 167 1
16 196 1
16 206 1
16 262 1
16 497 1
16 585 1
17 29 1
17 58 1
17 316 1
17 328 1
17 446 1
17 456 1
17 478 1
17 486 1
18 71 1
18 105 1
18 327 1
18 425 1
19 245 1
19 251 1
19 348 1
19 416 1
19 443 1
19 447 1
19 479 1
19 518 1
19 535 1
19 629 1
20 73 1
20 122 1
20 126 1
20 162 1
20 211 1
20 248 1
20 304 1
20 542 1
20 570 1
21 19 1
21 38 1
21 50 1
21 137 1
21 160 1
21 172 1
21 338 1
21 399 1
21 467 1
21 649 1
22 50 1
22 83 1
22 330 1
22 430 1
22 455 1
22 459 1
22 633 1
22 676 1
23 243 1
23 302 1
23 353 1
23 502 1
23 508 1
23 591 1
23 635 1
23 669 1
24 54 1
24 113 1
24 213 1
24 280 1
24 310 1
24 494 1
24 563 1
24 637 1
25 179 1
25 281 1
25 288 1
25 513 1
25 534 1
25 552 1
26 17 1
26 73 1
26 167 1
26 298 1
26 331 1
26 372 1
26 416 1
26 491 1
26 493 1
26 578 1
26 653 1
26 675 1
27 156 1
27 309 1
27 331 1
27 413 1
27 431 1
27 439 1
27 607 1
28 60 1
28 214 1
28 296 1
28 311 1
28 354 1
28 401 1
28 455 1
28 500 1
28 532 1
28 614 1
28 638 1
29 47 1
29 136 1
29 150 1
29 184 1
29 221 1
29 471 1
29 486 1
29 601 1
29 634 1
30 83 1
30 179 1
30 306 1
30 372 1
30 399 1
30 469 1
30 473 1
30 481 1
30 490 1
30 496 1
30 577 1
30 663 1
31 30 1
31 37 1
31 321 1
31 333 1
31 447 1
31 475 1
31 597 1
32 295 1
32 323 1
32 329 1
32 371 1
32 460 1
32 510 1
32 530 1
32 567 1
32 599 1
33 155 1
33 229 1
33 270 1
34 50 1
34 53 1
34 237 1
34 285 1
34 351 1
34 414 1
34 457 1
34 566 1
34 638 1
34 645 1
35 93 1
35 277 1
35 308 1
36 40 1
36 55 1
36 266 1
36 386 1
36 433 1
36 446 1
36 473 1
36 521 1
37 144 1
37 265 1
37 286 1
37 493 1
37 538 1
37 554 1
37 571 1
37 586 1
37 619 1
37 641 1
38 50 1
38 211 1
38 276 1
38 332 1
38 462 1
38 563 1
38 572 1
39 4 1
39 135 1
39 154 1
39 225 1
39 240 1
39 280 1
39 389 1
39 437 1
39 637 1
39 667 1
40 60 1
40 75 1
40 84 1
40 202 1
40 234 1
40 357 1
40 447 1
40 529 1
40 574 1
41 45 1
41 147 1
41 224 1
41 261 1
41 431 1
41 670 1
42 65 1
42 86 1
42 400 1
42 529 1
42 574 1
42 606 1
42 616 1
42 619 1
43 29 1
43 136 1
43 170 1
43 358 1
43 411 1
43 513 1
43 527 1
44 39 1
44 77 1
44 254 1
44 355 1
44 552 1
44 564 1
44 598 1
45 250 1
45 330 1
45 384 1
45 442 1
45 513 1
45 528 1
45 543 1
45 631 1
45 641 1
46 84 1
46 179 1
46 252 1
46 339 1
46 503 1
46 628 1
47 174 1
47 207 1
47 239 1
47 282 1
47 429 1
48 14 1
48 250 1
48 335 1
48 457 1
48 567 1
49 23 1
49 50 1
49 169 1
49 526 1
49 574 1
49 612 1
50 28 1
50 88 1
50 260 1
50 283 1
50 400 1
50 436 1
50 485 1
50 583 1
50 584 1
50 594 1
51 80 1
51 146 1
51 353 1
51 507 1
51 590 1
51 677 1
52 30 1
52 206 1
52 235 1
52 373 1
52 524 1
52 531 1
53 20 1
53 23 1
53 36 1
53 118 1
53 219 1
53 246 1
53 579 1
53 631 1
53 650 1
54 84 1
54 114 1
54 120 1
54 172 1
54 203 1
54 374 1
54 435 1
54 464 1
54 497 1
55 1 1
55 53 1
55 56 1
55 117 1
55 159 1
55 169 1
55 345 1
55 632 1
56 44 1
56 110 1
56 124 1
56 343 1
56 344 1
56 397 1
56 471 1
56 516 1
56 519 1
56 647 1
57 7 1
57 77 1
57 110 1
57 221 1
57 241 1
57 384 1
57 431 1
57 481 1
57 524 1
57 538 1
57 549 1
57 615 1
58 69 1
58 73 1
58 79 1
58 113 1
58 160 1
58 179 1
58 287 1
58 323 1
58 353 1
58 364 1
58 431 1
58 490 1
58 506 1
58 524 1
58 632 1
59 169 1
59 186 1
59 189 1
59 307 1
59 337 1
59 565 1
59 617 1
60 63 1
60 122 1
60 167 1
60 178 1
60 202 1
60 356 1
60 391 1
60 428 1
60 592 1
61 41 1
61 67 1
61 143 1
61 244 1
61 430 1
61 457 1
61 501 1
61 588 1
62 80 1
62 137 1
62 165 1
62 262 1
62 277 1
62 399 1
62 672 1
63 113 1
63 174 1
63 203 1
63 254 1
63 269 1
63 330 1
64 252 1
64 294 1
64 393 1
64 545 1
65 134 1
65 144 1
65 376 1
65 544 1
65 557 1
65 634 1
65 674 1
66 69 1
66 159 1
66 290 1
66 316 1
66 508 1
66 566 1
66 579 1
66 653 1
67 50 1
67 71 1
67 355 1
67 462 1
67 472 1
67 498 1
67 555 1
67 564 1
67 667 1
68 69 1
68 84 1
68 140 1
68 231 1
68 241 1
68 248 1
68 272 1
68 437 1
68 465 1
68 509 1
69 83 1
69 377 1
69 393 1
69 454 1
69 463 1
69 469 1
69 482 1
69 549 1
69 590 1
70 200 1
70 209 1
70 260 1
70 330 1
70 362 1
70 379 1
70 504 1
70 655 1
71 0 1
71 30 1
71 91 1
71 157 1
71 168 1
71 254 1
71 282 1
71 295 1
71 367 1
71 388 1
71 426 1
71 534 1
71 568 1
71 586 1
71 602 1
71 669 1
71 670 1
72 1 1
72 14 1
72 88 1
72 167 1
72 311 1
72 510 1
72 564 1
72 578 1
73 63 1
73 86 1
73 138 1
73 163 1
73 190 1
73 237 1
73 377 1
73 435 1
73 438 1
73 511 1
73 514 1
73 516 1
73 650 1
73 666 1
74 139 1
74 250 1
74 273 1
74 361 1
74 444 1
74 498 1
74 543 1
75 115 1
75 186 1
75 281 1
75 329 1
75 371 1
75 444 1
75 466 1
76 3 1
76 56 1
76 137 1
76 220 1
76 256 1
76 260 1
76 402 1
76 542 1
76 564 1
77 16 1
77 81 1
77 95 1
77 371 1
77 488 1
77 598 1
77 605 1
78 13 1
78 233 1
78 263 1
78 410 1
78 413 1
78 416 1
78 626 1
79 198 1
79 285 1
79 430 1
79 435 1
79 503 1
79 637 1
80 61 1
80 159 1
80 279 1
80 294 1
80 304 1
80 321 1
80 440 1
80 464 1
80 484 1
80 565 1
81 69 1
81 135 1
81 178 1
81 275 1
81 295 1
81 342 1
81 346 1
81 388 1
81 450 1
81 451 1
81 452 1
81 587 1
82 4 1
82 9 1
82 16 1
82 69 1
82 177 1
82 186 1
82 191 1
82 229 1
82 451 1
82 459 1
82 580 1
82 635 1
83 169 1
83 183 1
83 366 1
83 379 1
83 399 1
83 524 1
83 543 1
83 552 1
84 5 1
84 42 1
84 200 1
84 225 1
84 286 1
84 336 1
84 504 1
84 588 1
84 598 1
84 625 1
84 661 1
85 189 1
85 404 1
85 486 1
85 662 1
86 117 1
86 121 1
86 143 1
86 234 1
86 235 1
86 257 1
86 503 1
86 587 1
86 588 1
87 11 1
87 42 1
87 121 1
87 310 1
87 347 1
87 369 1
87 478 1
87 514 1
87 522 1
87 574 1
87 620 1
88 37 1
88 56 1
88 125 1
88 132 1
88 170 1
88 215 1
88 259 1
88 319 1
88 568 1
88 638 1
89 24 1
89 130 1
89 188 1
89 191 1
89 225 1
89 265 1
89 451 1
89 502 1
89 548 1
89 570 1
89 581 1
89 587 1
89 626 1
90 52 1
90 167 1
90 215 1
90 518 1
91 68 1
91 299 1
91 536 1
92 13 1
92 96 1
92 205 1
92 229 1
92 232 1
92 529 1
92 594 1
92 642 1
93 37 1
93 335 1
93 344 1
93 384 1
93 415 1
93 446 1
94 30 1
94 54 1
94 130 1
94 213 1
94 258 1
94 391 1
94 511 1
94 597 1
94 605 1
94 610 1
95 185 1
95 302 1
95 326 1
95 425 1
95 445 1
95 452 1
95 478 1
95 660 1
96 303 1
96 409 1
96 565 1
96 574 1
96 651 1
96 674 1
97 43 1
97 95 1
97 443 1
97 571 1
98 54 1
98 59 1
98 218 1
98 520 1
98 572 1
98 611 1
99 2 1
99 77 1
99 349 1
99 485 1
100 8 1
100 89 1
100 158 1
100 355 1
100 543 1
100 575 1
100 582 1
100 598 1
100 606 1
100 645 1
101 103 1
101 210 1
101 267 1
101 368 1
101 661 1
102 166 1
102 226 1
102 347 1
102 373 1
102 424 1
102 500 1
102 668 1
103 1 1
103 109 1
103 222 1
103 229 1
103 287 1
103 349 1
103 506 1
103 517 1
103 533 1
103 574 1
103 661 1
104 110 1
104 161 1
104 411 1
104 452 1
104 563 1
104 604 1
104 613 1
105 26 1
105 39 1
105 82 1
105 187 1
105 216 1
105 220 1
105 325 1
106 36 1
106 71 1
106 255 1
106 281 1
106 324 1
106 619 1
107 117 1
107 127 1
107 261 1
107 428 1
107 494 1
107 502 1
107 647 1
107 652 1
108 151 1
108 195 1
108 240 1
108 242 1
108 568 1
108 586 1
108 641 1
109 94 1
109 119 1
109 303 1
109 357 1
109 437 1
109 573 1
110 23 1
110 88 1
110 92 1
110 149 1
110 157 1
110 222 1
110 233 1
110 366 1
110 431 1
110 443 1
110 602 1
111 74 1
111 320 1
111 428 1
111 469 1
111 489 1
111 532 1
112 132 1
112 297 1
112 460 1
112 488 1
112 552 1
112 553 1
112 579 1
112 626 1
112 653 1
112 667 1
112 669 1
113 34 1
113 79 1
113 312 1
113 411 1
113 463 1
113 503 1
113 572 1
113 641 1
114 221 1
114 245 1
114 294 1
114 309 1
114 389 1
114 581 1
114 599 1
114 605 1
114 613 1
115 146 1
115 284 1
115 312 1
115 325 1
115 331 1
115 340 1
115 460 1
115 585 1
115 616 1
116 80 1
116 148 1
116 154 1
116 198 1
116 277 1
116 347 1
116 504 1
117 81 1
117 82 1
117 96 1
117 97 1
117 130 1
117 145 1
117 181 1
117 194 1
117 305 1
117 334 1
117 394 1
117 550 1
117 616 1
117 622 1
117 680 1
118 55 1
118 154 1
118 166 1
118 176 1
118 201 1
118 235 1
118 340 1
118 347 1
118 419 1
118 452 1
118 485 1
118 532 1
118 646 1
118 673 1
119 317 1
119 324 1
119 354 1
119 405 1
119 490 1
119 533 1
119 539 1
119 600 1
120 216 1
120 322 1
120 576 1
121 189 1
121 191 1
121 268 1
121 357 1
121 370 1
121 382 1
121 434 1
121 441 1
121 525 1
121 551 1
121 630 1
122 203 1
122 276 1
122 383 1
122 452 1
122 632 1
122 676 1
123 125 1
123 218 1
123 280 1
123 339 1
123 382 1
123 443 1
123 617 1
124 22 1
124 71 1
124 185 1
124 334 1
124 398 1
124 586 1
124 630 1
124 666 1
125 10 1
125 44 1
125 85 1
125 145 1
125 197 1
125 285 1
125 292 1
125 418 1
125 544 1
125 561 1
125 587 1
126 58 1
126 80 1
126 191 1
126 285 1
126 537 1
126 539 1
126 560 1
126 593 1
126 658 1
127 16 1
127 231 1
127 286 1
127 349 1
127 378 1
127 437 1
127 500 1
127 578 1
127 632 1
128 223 1
128 349 1
129 69 1
129 71 1
129 138 1
129 157 1
129 191 1
129 230 1
129 285 1
130 39 1
130 56 1
130 226 1
130 312 1
130 352 1
130 358 1
130 470 1
130 554 1
130 570 1
130 635 1
130 646 1
130 663 1
131 73 1
131 107 1
131 168 1
131 232 1
131 281 1
131 358 1
131 464 1
131 527 1
131 531 1
131 540 1
132 122 1
132 370 1
132 395 1
132 650 1
133 230 1
133 295 1
133 363 1
133 590 1
133 632 1
133 639 1
133 666 1
134 155 1
134 308 1
134 423 1
134 446 1
134 456 1
134 465 1
134 583 1
135 107 1
135 117 1
135 265 1
135 317 1
135 433 1
135 526 1
135 544 1
136 117 1
136 199 1
136 236 1
136 239 1
136 266 1
136 304 1
136 329 1
136 332 1
136 345 1
136 574 1
136 612 1
137 126 1
137 161 1
137 264 1
137 334 1
137 356 1
137 395 1
137 454 1
137 480 1
137 484 1
137 501 1
137 617 1
137 643 1
137 654 1
138 347 1
138 439 1
138 582 1
138 642 1
138 648 1
139 114 1
139 301 1
139 471 1
139 583 1
139 626 1
140 4 1
140 17 1
140 58 1
140 67 1
140 96 1
140 180 1
140 293 1
140 332 1
140 392 1
140 407 1
140 457 1
140 592 1
140 623 1
140 654 1
141 40 1
141 276 1
141 288 1
141 369 1
141 370 1
141 429 1
141 543 1
141 564 1
141 605 1
142 4 1
142 23 1
142 29 1
142 72 1
142 111 1
142 210 1
142 232 1
142 245 1
142 344 1
142 420 1
142 550 1
142 634 1
142 665 1
143 11 1
143 77 1
143 107 1
143 122 1
143 181 1
143 198 1
143 202 1
143 219 1
143 320 1
143 323 1
143 434 1
143 477 1
143 505 1
143 602 1
144 285 1
144 294 1
144 322 1
144 332 1
144 348 1
144 415 1
144 537 1
144 542 1
144 570 1
144 650 1
145 58 1
145 79 1
145 111 1
145 234 1
145 434 1
145 456 1
145 599 1
145 614 1
145 641 1
145 655 1
146 182 1
146 216 1
146 263 1
146 383 1
146 437 1
146 442 1
146 469 1
146 496 1
146 497 1
146 631 1
146 665 1
147 51 1
147 145 1
147 387 1
147 401 1
147 445 1
147 513 1
147 639 1
148 101 1
148 181 1
148 206 1
148 210 1
148 377 1
148 629 1
148 644 1
149 30 1
149 84 1
149 86 1
149 97 1
149 259 1
149 458 1
149 499 1
149 664 1
150 40 1
150 56 1
150 216 1
150 224 1
150 300 1
150 428 1
150 435 1
150 629 1
151 197 1
151 265 1
151 386 1
151 540 1
151 591 1
151 635 1
152 66 1
152 291 1
152 383 1
153 73 1
153 424 1
153 556 1
153 576 1
154 24 1
154 49 1
154 75 1
154 386 1
154 411 1
154 420 1
154 458 1
154 588 1
154 633 1
154 639 1
155 137 1
155 263 1
155 294 1
155 599 1
155 636 1
156 102 1
156 131 1
156 174 1
156 309 1
156 411 1
156 597 1
156 620 1
157 26 1
157 149 1
157 165 1
157 169 1
157 340 1
157 374 1
157 452 1
157 571 1
158 45 1
158 65 1
158 127 1
158 278 1
158 304 1
158 319 1
158 542 1
159 30 1
159 223 1
159 277 1
159 578 1
159 640 1
159 669 1
160 59 1
160 66 1
160 341 1
160 616 1
161 30 1
161 102 1
161 118 1
161 219 1
161 345 1
161 346 1
161 407 1
161 420 1
161 607 1
161 620 1
162 150 1
162 181 1
162 197 1
162 219 1
162 268 1
162 354 1
162 368 1
162 415 1
163 51 1
163 76 1
163 194 1
163 201 1
163 259 1
163 271 1
163 290 1
163 619 1
163 649 1
163 650 1
163 656 1
164 315 1
164 668 1
165 202 1
165 270 1
165 401 1
165 469 1
165 612 1
166 177 1
166 473 1
166 510 1
167 52 1
167 54 1
167 125 1
167 195 1
167 275 1
167 315 1
167 432 1
167 461 1
167 551 1
167 612 1
167 640 1
167 676 1
168 83 1
168 119 1
168 126 1
168 149 1
168 332 1
168 424 1
169 64 1
169 285 1
169 288 1
169 326 1
169 422 1
169 435 1
169 459 1
169 581 1
169 595 1
169 622 1
169 635 1
169 652 1
170 14 1
170 67 1
170 245 1
170 298 1
170 413 1
170 430 1
170 560 1
171 74 1
171 169 1
171 196 1
171 233 1
171 405 1
171 462 1
172 222 1
172 264 1
172 286 1
172 305 1
172 317 1
172 512 1
172 553 1
172 618 1
173 6 1
173 13 1
173 170 1
173 242 1
173 246 1
173 357 1
173 407 1
173 476 1
173 510 1
174 2 1
174 34 1
174 93 1
174 172 1
174 259 1
174 293 1
174 322 1
174 336 1
174 355 1
174 494 1
174 533 1
174 585 1
174 587 1
174 596 1
174 617 1
174 668 1
175 10 1
175 103 1
175 205 1
175 377 1
175 552 1
175 561 1
175 608 1
176 19 1
176 31 1
176 286 1
176 292 1
176 296 1
176 333 1
176 409 1
176 486 1
176 487 1
177 103 1
177 184 1
177 283 1
177 335 1
177 487 1
177 660 1
178 41 1
178 143 1
178 201 1
178 478 1
178 499 1
178 515 1
178 562 1
178 566 1
178 591 1
179 65 1
179 84 1
179 95 1
179 140 1
179 161 1
179 191 1
179 396 1
179 421 1
179 424 1
179 482 1
179 524 1
179 529 1
180 10 1
180 32 1
180 39 1
180 110 1
180 156 1
180 194 1
180 290 1
180 415 1
180 533 1
180 551 1
180 649 1
180 668 1
181 20 1
181 47 1
181 70 1
181 114 1
181 199 1
181 224 1
181 534 1
181 560 1
181 593 1
181 627 1
182 130 1
182 230 1
182 262 1
182 305 1
182 436 1
182 615 1
183 37 1
183 163 1
183 267 1
183 375 1
183 388 1
183 448 1
183 498 1
183 503 1
183 523 1
183 607 1
184 58 1
184 144 1
184 145 1
184 268 1
184 550 1
184 566 1
184 670 1
185 24 1
185 197 1
185 424 1
185 677 1
186 322 1
186 435 1
186 451 1
186 491 1
187 10 1
187 219 1
187 536 1
187 588 1
188 21 1
188 44 1
188 399 1
188 594 1
188 669 1
189 65 1
189 126 1
189 174 1
189 241 1
189 298 1
189 432 1
189 479 1
189 496 1
189 547 1
189 595 1
190 321 1
190 398 1
190 399 1
190 577 1
190 578 1
190 593 1
190 631 1
191 51 1
191 75 1
191 90 1
191 104 1
191 123 1
191 226 1
191 254 1
191 284 1
191 377 1
191 408 1
191 599 1
191 612 1
191 670 1
192 31 1
192 100 1
192 140 1
192 450 1
192 473 1
193 293 1
193 477 1
194 35 1
194 58 1
194 284 1
194 300 1
194 400 1
194 468 1
194 513 1
194 620 1
194 648 1
194 669 1
195 100 1
195 147 1
195 293 1
195 338 1
195 393 1
195 441 1
195 463 1
195 576 1
195 579 1
196 26 1
196 58 1
196 86 1
196 218 1
196 326 1
196 415 1
196 496 1
196 502 1
196 569 1
197 112 1
197 289 1
197 303 1
197 380 1
197 430 1
197 505 1
197 509 1
197 563 1
197 619 1
198 32 1
198 43 1
198 55 1
198 259 1
198 318 1
198 479 1
198 517 1
198 652 1
199 222 1
199 303 1
199 333 1
199 343 1
199 434 1
199 472 1
200 76 1
200 82 1
200 102 1
200 116 1
200 156 1
200 322 1
200 362 1
200 555 1
201 14 1
201 115 1
201 116 1
201 249 1
201 333 1
201 525 1
201 646 1
202 48 1
202 76 1
202 82 1
202 113 1
202 146 1
202 182 1
202 228 1
202 366 1
202 385 1
202 445 1
203 24 1
203 44 1
203 53 1
203 175 1
203 329 1
203 418 1
203 436 1
203 662 1
204 88 1
204 223 1
204 276 1
204 285 1
204 413 1
204 652 1
205 227 1
205 237 1
205 256 1
205 321 1
205 398 1
205 403 1
205 507 1
206 71 1
206 119 1
206 130 1
206 180 1
206 226 1
206 232 1
206 360 1
206 366 1
206 393 1
207 142 1
207 143 1
207 349 1
207 663 1
208 192 1
208 296 1
208 334 1
208 339 1
208 360 1
208 417 1
208 661 1
209 40 1
209 136 1
209 174 1
209 207 1
209 253 1
209 272 1
209 433 1
209 668 1
210 43 1
210 51 1
210 190 1
210 262 1
210 320 1
210 340 1
210 393 1
210 395 1
210 398 1
210 588 1
210 604 1
211 21 1
211 55 1
211 93 1
211 169 1
211 426 1
211 520 1
212 126 1
212 331 1
212 341 1
212 647 1
213 48 1
213 71 1
213 296 1
213 558 1
213 564 1
213 581 1
214 18 1
214 137 1
214 142 1
214 191 1
214 380 1
214 408 1
214 417 1
214 513 1
214 629 1
214 633 1
214 669 1
214 672 1
215 145 1
215 227 1
215 250 1
215 272 1
215 429 1
215 516 1
215 574 1
216 174 1
216 258 1
216 330 1
216 344 1
216 379 1
216 391 1
216 560 1
217 197 1
217 267 1
217 361 1
217 390 1
217 506 1
218 215 1
218 244 1
218 258 1
218 282 1
218 338 1
218 349 1
218 371 1
218 381 1
218 409 1
218 522 1
219 51 1
219 57 1
219 104 1
219 138 1
219 195 1
219 234 1
219 259 1
219 387 1
219 412 1
219 491 1
219 498 1
219 655 1
220 3 1
220 18 1
220 39 1
220 144 1
220 222 1
220 250 1
220 297 1
221 115 1
221 154 1
221 178 1
221 530 1
221 571 1
221 606 1
221 645 1
221 657 1
222 39 1
222 92 1
222 147 1
222 328 1
222 361 1
222 441 1
222 456 1
222 467 1
222 481 1
222 538 1
223 3 1
223 21 1
223 39 1
223 49 1
223 163 1
223 264 1
223 266 1
223 370 1
223 500 1
223 598 1
223 624 1
223 652 1
224 106 1
224 133 1
224 161 1
224 233 1
224 424 1
224 601 1
224 613 1
225 11 1
225 105 1
225 223 1
225 255 1
225 412 1
225 439 1
225 444 1
225 447 1
225 547 1
225 606 1
225 622 1
226 187 1
226 195 1
226 199 1
226 213 1
226 312 1
226 386 1
226 403 1
226 456 1
226 522 1
226 583 1
226 599 1
226 667 1
227 196 1
227 320 1
227 443 1
227 447 1
227 462 1
227 501 1
227 587 1
228 223 1
228 247 1
228 262 1
228 508 1
228 524 1
228 533 1
229 25 1
229 89 1
229 95 1
229 98 1
229 246 1
229 355 1
229 380 1
229 609 1
230 24 1
230 94 1
230 244 1
230 413 1
230 474 1
230 507 1
231 49 1
231 107 1
231 135 1
231 138 1
231 209 1
231 225 1
231 298 1
231 379 1
231 382 1
231 667 1
232 251 1
232 437 1
232 470 1
232 596 1
232 626 1
233 14 1
233 59 1
233 244 1
233 280 1
233 346 1
233 347 1
233 498 1
233 516 1
233 657 1
233 676 1
234 28 1
234 95 1
234 108 1
234 383 1
234 426 1
234 591 1
234 601 1
234 635 1
234 655 1
235 284 1
235 286 1
235 369 1
235 405 1
235 516 1
236 119 1
236 235 1
236 392 1
236 417 1
236 613 1
237 13 1
237 124 1
237 188 1
237 380 1
237 423 1
237 496 1
237 529 1
237 677 1
237 678 1
238 40 1
238 70 1
238 285 1
238 419 1
238 424 1
238 496 1
238 528 1
238 530 1
238 652 1
239 91 1
239 176 1
239 197 1
239 217 1
239 348 1
240 364 1
240 424 1
240 509 1
240 528 1
240 622 1
241 26 1
241 87 1
241 167 1
241 665 1
241 674 1
242 146 1
242 214 1
242 299 1
243 58 1
243 99 1
243 223 1
243 274 1
243 361 1
243 367 1
243 575 1
244 103 1
244 131 1
244 189 1
244 328 1
244 342 1
244 384 1
244 520 1
245 36 1
245 42 1
245 278 1
245 351 1
245 370 1
245 407 1
245 437 1
245 510 1
246 26 1
246 235 1
246 308 1
246 477 1
246 679 1
247 26 1
247 315 1
247 337 1
247 645 1
248 88 1
248 144 1
248 236 1
248 368 1
248 460 1
248 496 1
248 556 1
249 307 1
249 358 1
249 364 1
249 370 1
249 560 1
249 648 1
250 12 1
250 34 1
250 165 1
250 176 1
250 221 1
250 332 1
250 454 1
250 490 1
250 594 1
250 608 1
250 659 1
250 677 1
251 34 1
251 142 1
251 195 1
251 209 1
251 296 1
251 359 1
251 382 1
251 445 1
251 503 1
251 601 1
252 101 1
252 181 1
252 309 1
252 351 1
252 403 1
252 456 1
252 626 1
253 75 1
253 251 1
253 478 1
254 31 1
254 52 1
254 357 1
254 458 1
254 493 1
255 100 1
255 134 1
255 161 1
255 214 1
255 283 1
255 376 1
255 656 1
255 660 1
256 11 1
256 17 1
256 60 1
256 262 1
256 346 1
256 392 1
256 592 1
256 635 1
257 181 1
257 260 1
257 536 1
257 646 1
258 21 1
258 82 1
258 126 1
258 173 1
258 186 1
258 243 1
258 293 1
258 400 1
259 63 1
259 64 1
259 99 1
259 120 1
259 171 1
259 216 1
259 224 1
259 404 1
259 414 1
259 428 1
259 467 1
259 489 1
259 522 1
259 553 1
260 42 1
260 68 1
260 135 1
260 302 1
260 468 1
260 574 1
260 614 1
261 88 1
261 194 1
261 209 1
261 503 1
261 564 1
262 23 1
262 69 1
262 140 1
262 145 1
262 214 1
262 240 1
262 439 1
262 591 1
263 62 1
263 94 1
263 110 1
263 268 1
263 325 1
263 386 1
263 451 1
263 617 1
264 55 1
264 258 1
264 404 1
264 483 1
264 488 1
264 519 1
264 558 1
264 591 1
264 680 1
265 30 1
265 32 1
265 173 1
265 218 1
265 273 1
265 358 1
265 398 1
265 509 1
265 532 1
265 540 1
265 597 1
266 55 1
266 302 1
266 313 1
266 326 1
266 371 1
266 379 1
266 497 1
266 500 1
266 532 1
266 570 1
266 680 1
267 68 1
267 172 1
267 225 1
267 271 1
267 272 1
267 329 1
267 386 1
268 191 1
268 304 1
268 511 1
268 551 1
268 574 1
268 575 1
268 680 1
269 16 1
269 223 1
269 226 1
269 651 1
270 34 1
270 130 1
270 156 1
270 256 1
270 280 1
270 286 1
270 393 1
270 420 1
270 635 1
271 123 1
271 217 1
271 550 1
271 647 1
272 5 1
272 173 1
272 227 1
272 249 1
272 315 1
272 325 1
272 364 1
272 529 1
272 606 1
273 38 1
273 132 1
273 206 1
273 290 1
273 312 1
273 352 1
273 434 1
273 630 1
273 662 1
274 21 1
274 100 1
274 408 1
274 414 1
274 484 1
275 58 1
275 300 1
275 324 1
275 327 1
276 81 1
276 89 1
276 319 1
276 326 1
276 362 1
276 539 1
276 565 1
277 45 1
277 127 1
277 203 1
277 325 1
277 357 1
277 448 1
277 522 1
277 597 1
277 610 1
278 12 1
278 17 1
278 144 1
278 233 1
278 236 1
278 544 1
278 569 1
278 582 1
279 36 1
279 142 1
279 343 1
280 43 1
280 47 1
280 175 1
280 231 1
280 409 1
280 473 1
280 579 1
280 580 1
280 644 1
280 660 1
281 22 1
281 57 1
281 140 1
281 183 1
281 279 1
281 315 1
281 398 1
281 438 1
281 460 1
281 547 1
281 569 1
282 16 1
282 171 1
282 412 1
282 416 1
282 514 1
282 624 1
283 11 1
283 229 1
283 292 1
283 298 1
283 377 1
283 398 1
283 436 1
283 481 1
283 527 1
284 71 1
284 81 1
284 122 1
284 296 1
284 323 1
284 447 1
284 522 1
284 545 1
284 639 1
284 657 1
285 37 1
285 73 1
285 77 1
285 118 1
285 149 1
285 179 1
285 278 1
285 316 1
285 379 1
285 411 1
285 432 1
285 504 1
285 591 1
285 663 1
286 13 1
286 20 1
286 27 1
286 59 1
286 150 1
286 167 1
286 231 1
286 291 1
286 415 1
286 494 1
286 651 1
286 656 1
287 117 1
287 250 1
287 259 1
287 404 1
287 461 1
287 480 1
287 549 1
287 617 1
287 639 1
288 26 1
288 318 1
288 355 1
288 364 1
288 535 1
288 594 1
289 117 1
289 131 1
289 218 1
289 363 1
289 671 1
290 29 1
290 84 1
290 86 1
290 184 1
290 226 1
290 229 1
290 244 1
290 431 1
290 443 1
290 469 1
290 497 1
290 595 1
290 628 1
291 4 1
291 58 1
291 144 1
291 161 1
291 307 1
291 378 1
291 549 1
291 554 1
291 672 1
292 123 1
292 210 1
292 266 1
292 372 1
292 387 1
292 448 1
292 528 1
292 658 1
293 118 1
293 144 1
293 225 1
293 227 1
293 284 1
293 315 1
293 476 1
293 535 1
293 661 1
293 668 1
294 26 1
294 176 1
294 253 1
294 477 1
294 493 1
294 574 1
294 639 1
294 646 1
294 679 1
295 28 1
295 332 1
295 356 1
295 435 1
295 478 1
295 649 1
296 30 1
296 127 1
296 266 1
296 358 1
296 366 1
296 403 1
296 502 1
296 531 1
296 553 1
296 606 1
296 633 1
297 212 1
297 232 1
297 445 1
297 662 1
298 40 1
298 121 1
298 151 1
298 279 1
298 479 1
298 482 1
298 564 1
298 603 1
298 639 1
299 180 1
299 208 1
299 310 1
299 379 1
299 427 1
299 441 1
299 555 1
299 579 1
299 586 1
300 50 1
300 72 1
300 83 1
300 133 1
300 153 1
300 208 1
300 266 1
300 303 1
300 311 1
300 507 1
300 587 1
300 623 1
301 115 1
301 250 1
302 21 1
302 32 1
302 292 1
302 316 1
302 324 1
302 366 1
302 434 1
302 464 1
302 613 1
303 64 1
303 68 1
303 146 1
303 332 1
303 347 1
303 383 1
303 444 1
303 452 1
303 542 1
304 98 1
304 410 1
304 468 1
304 619 1
304 669 1
305 466 1
305 475 1
305 519 1
305 522 1
305 552 1
305 594 1
305 604 1
306 340 1
306 437 1
306 609 1
307 210 1
307 265 1
307 276 1
307 292 1
307 338 1
307 392 1
307 469 1
307 508 1
307 541 1
307 674 1
308 264 1
308 286 1
308 328 1
308 438 1
308 492 1
308 528 1
309 0 1
309 73 1
309 163 1
309 170 1
309 439 1
309 483 1
309 562 1
309 611 1
310 72 1
310 200 1
310 247 1
310 255 1
310 629 1
311 98 1
311 198 1
311 248 1
311 333 1
311 385 1
311 386 1
311 619 1
312 46 1
312 137 1
312 165 1
312 265 1
312 425 1
312 579 1
312 591 1
312 600 1
313 53 1
313 214 1
313 360 1
313 469 1
313 614 1
313 641 1
314 179 1
314 189 1
314 371 1
314 408 1
314 462 1
315 51 1
315 100 1
315 117 1
315 121 1
315 154 1
315 289 1
315 368 1
315 386 1
315 438 1
315 524 1
316 36 1
316 73 1
316 89 1
316 199 1
316 205 1
316 345 1
316 409 1
316 489 1
316 623 1
317 22 1
317 29 1
317 103 1
317 109 1
317 462 1
317 595 1
317 645 1
317 663 1
317 673 1
318 16 1
318 54 1
318 223 1
318 295 1
318 409 1
318 480 1
318 542 1
318 555 1
319 207 1
319 441 1
319 472 1
319 640 1
319 651 1
320 109 1
320 142 1
320 328 1
320 368 1
320 374 1
320 396 1
320 424 1
320 445 1
320 592 1
320 596 1
321 29 1
321 185 1
321 225 1
321 226 1
321 228 1
321 276 1
321 343 1
321 373 1
321 380 1
321 386 1
321 448 1
321 489 1
322 42 1
322 136 1
322 250 1
322 274 1
322 503 1
322 589 1
323 5 1
323 19 1
323 107 1
323 137 1
323 171 1
323 180 1
323 228 1
323 259 1
323 318 1
323 339 1
323 484 1
323 622 1
323 624 1
324 0 1
324 131 1
324 140 1
324 181 1
324 265 1
324 287 1
324 335 1
324 341 1
324 457 1
324 648 1
325 19 1
325 48 1
325 69 1
325 72 1
325 130 1
325 218 1
325 434 1
325 533 1
325 616 1
325 629 1
326 27 1
326 32 1
326 74 1
326 82 1
326 150 1
326 158 1
326 190 1
326 206 1
326 352 1
326 353 1
326 570 1
326 630 1
327 57 1
327 73 1
327 184 1
327 273 1
327 311 1
327 412 1
327 585 1
328 162 1
328 215 1
328 231 1
328 267 1
328 347 1
328 356 1
328 453 1
328 574 1
329 52 1
329 77 1
329 129 1
329 174 1
329 306 1
329 461 1
329 650 1
330 37 1
330 43 1
330 80 1
330 92 1
330 153 1
330 175 1
330 377 1
330 538 1
331 95 1
331 112 1
331 133 1
331 197 1
331 223 1
331 325 1
331 452 1
331 542 1
332 3 1
332 78 1
332 81 1
332 85 1
332 125 1
332 171 1
332 292 1
332 296 1
332 361 1
332 405 1
332 493 1
332 541 1
332 587 1
332 613 1
333 158 1
333 163 1
333 174 1
333 446 1
333 547 1
333 620 1
334 0 1
334 43 1
334 157 1
334 258 1
334 387 1
334 459 1
335 261 1
335 436 1
335 507 1
335 544 1
336 45 1
336 81 1
336 234 1
336 426 1
336 497 1
336 535 1
336 656 1
337 58 1
337 96 1
337 125 1
337 184 1
337 197 1
337 357 1
337 424 1
337 460 1
337 486 1
337 651 1
338 112 1
338 126 1
338 321 1
338 368 1
338 426 1
338 549 1
338 572 1
338 577 1
339 26 1
339 41 1
339 68 1
339 75 1
339 302 1
339 376 1
339 426 1
339 497 1
339 517 1
339 523 1
339 594 1
339 663 1
339 667 1
339 669 1
340 74 1
340 149 1
340 176 1
340 177 1
340 325 1
340 410 1
340 472 1
340 481 1
340 579 1
340 606 1
340 607 1
340 619 1
341 42 1
341 82 1
341 106 1
341 149 1
341 185 1
341 234 1
341 286 1
341 511 1
342 217 1
342 528 1
342 543 1
342 551 1
343 8 1
343 291 1
343 491 1
343 510 1
343 534 1
343 548 1
343 588 1
343 655 1
344 0 1
344 252 1
344 306 1
344 327 1
344 336 1
344 394 1
344 466 1
344 631 1
344 677 1
345 63 1
345 114 1
345 150 1
345 435 1
345 476 1
345 560 1
345 671 1
346 53 1
346 136 1
346 159 1
346 204 1
346 287 1
346 339 1
346 507 1
347 19 1
347 45 1
347 80 1
347 82 1
347 112 1
347 264 1
347 365 1
347 406 1
347 446 1
347 463 1
347 469 1
347 603 1
347 639 1
347 678 1
348 83 1
348 178 1
348 504 1
348 646 1
348 656 1
349 45 1
349 106 1
349 193 1
349 274 1
349 419 1
349 424 1
349 440 1
349 442 1
349 582 1
349 617 1
349 676 1
350 270 1
350 319 1
351 13 1
351 20 1
351 233 1
351 312 1
351 383 1
351 521 1
351 560 1
351 573 1
351 587 1
352 71 1
352 83 1
352 115 1
352 157 1
352 507 1
352 536 1
352 643 1
353 146 1
353 237 1
353 260 1
353 570 1
353 646 1
353 670 1
354 9 1
354 17 1
354 89 1
354 143 1
354 197 1
354 336 1
354 431 1
355 46 1
355 117 1
355 131 1
355 221 1
355 420 1
355 627 1
355 659 1
355 660 1
356 208 1
356 287 1
356 406 1
356 415 1
356 499 1
357 28 1
357 61 1
357 136 1
357 148 1
357 182 1
357 223 1
357 583 1
357 643 1
358 177 1
358 228 1
358 271 1
358 288 1
358 310 1
358 340 1
358 342 1
358 343 1
358 420 1
358 518 1
358 559 1
359 73 1
359 207 1
359 213 1
359 396 1
359 669 1
360 104 1
360 135 1
360 153 1
360 231 1
360 469 1
360 516 1
361 77 1
361 95 1
361 119 1
361 130 1
361 250 1
361 303 1
361 321 1
361 337 1
361 581 1
362 89 1
362 146 1
362 240 1
362 349 1
362 522 1
362 652 1
363 264 1
363 486 1
363 496 1
364 103 1
364 324 1
364 337 1
364 613 1
364 639 1
364 657 1
365 81 1
365 82 1
365 307 1
365 395 1
366 4 1
366 133 1
366 156 1
366 201 1
366 222 1
366 395 1
366 422 1
366 532 1
366 536 1
366 669 1
367 27 1
367 196 1
367 332 1
367 486 1
367 596 1
367 668 1
368 2 1
368 91 1
368 125 1
368 127 1
368 168 1
368 245 1
368 280 1
368 328 1
368 434 1
368 475 1
368 487 1
368 648 1
368 652 1
369 27 1
369 195 1
369 228 1
369 358 1
369 371 1
369 422 1
369 429 1
369 504 1
370 1 1
370 59 1
370 94 1
370 120 1
370 134 1
370 216 1
370 272 1
370 486 1
370 533 1
370 665 1
370 667 1
371 118 1
371 121 1
371 130 1
371 147 1
371 491 1
371 586 1
371 587 1
371 612 1
371 620 1
371 667 1
372 9 1
372 261 1
372 266 1
372 368 1
372 557 1
372 590 1
373 132 1
373 256 1
373 300 1
373 406 1
373 436 1
373 536 1
373 668 1
374 173 1
374 202 1
374 237 1
374 291 1
374 339 1
374 484 1
374 659 1
375 84 1
375 303 1
375 378 1
375 421 1
375 470 1
375 496 1
375 607 1
375 627 1
376 94 1
376 99 1
376 180 1
376 248 1
376 448 1
376 538 1
377 32 1
377 140 1
377 172 1
377 216 1
377 231 1
377 313 1
377 404 1
377 464 1
377 478 1
377 531 1
377 552 1
377 654 1
378 44 1
378 139 1
378 208 1
378 342 1
378 344 1
378 484 1
378 522 1
379 111 1
379 183 1
379 205 1
379 208 1
379 247 1
379 255 1
379 300 1
379 330 1
379 446 1
379 496 1
380 66 1
380 101 1
380 118 1
380 340 1
380 413 1
380 504 1
381 87 1
381 300 1
381 435 1
381 595 1
381 631 1
382 56 1
382 102 1
382 113 1
382 114 1
382 143 1
382 220 1
382 239 1
382 443 1
382 447 1
382 492 1
382 582 1
382 619 1
382 646 1
383 15 1
383 72 1
383 142 1
383 143 1
383 164 1
383 293 1
383 305 1
383 502 1
383 631 1
383 643 1
384 117 1
384 166 1
384 443 1
384 590 1
385 270 1
385 355 1
385 382 1
385 478 1
385 556 1
385 572 1
385 588 1
385 641 1
385 671 1
386 115 1
386 118 1
386 190 1
386 201 1
386 209 1
386 283 1
386 308 1
386 334 1
386 393 1
386 463 1
386 558 1
386 608 1
387 94 1
387 152 1
387 385 1
387 408 1
387 448 1
387 598 1
387 624 1
387 654 1
388 148 1
388 293 1
388 334 1
388 395 1
388 405 1
388 489 1
388 668 1
389 226 1
389 251 1
389 328 1
389 537 1
389 605 1
390 423 1
390 445 1
390 549 1
390 620 1
391 22 1
391 50 1
391 504 1
391 564 1
391 584 1
391 621 1
391 659 1
392 27 1
392 71 1
392 442 1
392 551 1
392 581 1
392 601 1
392 611 1
392 656 1
393 15 1
393 105 1
393 112 1
393 154 1
393 224 1
393 244 1
393 291 1
393 423 1
393 432 1
393 602 1
393 674 1
394 27 1
394 78 1
394 492 1
395 29 1
395 92 1
395 192 1
395 226 1
395 479 1
395 509 1
395 649 1
396 71 1
396 118 1
396 131 1
396 208 1
396 251 1
396 538 1
397 189 1
397 374 1
397 674 1
398 117 1
398 152 1
398 217 1
398 252 1
398 278 1
398 314 1
398 332 1
398 383 1
398 449 1
398 462 1
398 469 1
398 471 1
398 507 1
399 75 1
399 143 1
399 210 1
399 311 1
399 347 1
399 359 1
399 500 1
399 508 1
399 587 1
399 640 1
400 0 1
400 98 1
400 127 1
400 133 1
400 158 1
400 254 1
400 305 1
400 349 1
400 499 1
401 31 1
401 40 1
401 162 1
401 174 1
401 339 1
401 366 1
401 431 1
401 560 1
402 141 1
402 221 1
402 268 1
402 475 1
402 505 1
402 619 1
403 5 1
403 57 1
403 170 1
403 502 1
403 664 1
404 65 1
404 97 1
404 155 1
404 160 1
404 175 1
404 214 1
404 252 1
404 319 1
404 563 1
405 8 1
405 294 1
405 298 1
405 324 1
405 463 1
405 491 1
405 558 1
405 570 1
405 599 1
405 618 1
406 25 1
406 202 1
406 402 1
406 416 1
407 219 1
407 233 1
407 309 1
407 434 1
407 543 1
407 569 1
407 578 1
408 112 1
408 119 1
408 134 1
408 150 1
408 218 1
408 466 1
408 487 1
408 565 1
408 585 1
408 636 1
409 18 1
409 68 1
409 87 1
409 142 1
409 317 1
409 486 1
409 509 1
409 525 1
409 556 1
410 49 1
410 105 1
410 116 1
410 174 1
410 178 1
410 302 1
410 457 1
410 678 1
411 8 1
411 217 1
411 313 1
411 324 1
411 449 1
411 465 1
411 474 1
411 592 1
411 620 1
412 149 1
412 179 1
412 270 1
412 360 1
412 385 1
412 464 1
412 636 1
413 110 1
413 154 1
413 238 1
413 344 1
413 346 1
413 351 1
413 582 1
414 71 1
414 385 1
414 480 1
414 670 1
415 35 1
415 44 1
415 141 1
415 300 1
415 418 1
415 458 1
415 484 1
415 591 1
415 626 1
416 190 1
416 230 1
416 298 1
416 317 1
416 349 1
416 387 1
416 442 1
416 673 1
417 113 1
417 177 1
417 307 1
417 554 1
417 559 1
417 567 1
417 585 1
418 368 1
418 410 1
418 431 1
418 516 1
418 615 1
419 19 1
419 84 1
419 316 1
419 385 1
419 427 1
419 509 1
420 2 1
420 8 1
420 31 1
420 34 1
420 60 1
420 78 1
420 109 1
420 114 1
420 214 1
420 258 1
420 398 1
420 411 1
420 479 1
420 481 1
420 583 1
421 264 1
421 290 1
421 320 1
421 401 1
421 495 1
421 500 1
421 638 1
421 661 1
422 1 1
422 26 1
422 28 1
422 88 1
423 175 1
423 200 1
423 337 1
423 347 1
423 540 1
424 11 1
424 28 1
424 41 1
424 52 1
424 54 1
424 115 1
424 131 1
424 169 1
424 210 1
424 300 1
424 511 1
424 555 1
424 578 1
425 112 1
425 130 1
425 465 1
425 536 1
425 555 1
425 628 1
426 1 1
426 142 1
426 222 1
426 398 1
426 420 1
426 564 1
426 617 1
426 627 1
426 666 1
426 669 1
427 160 1
427 571 1
427 613 1
427 637 1
428 16 1
428 154 1
428 258 1
428 290 1
428 531 1
428 645 1
428 652 1
429 133 1
429 148 1
429 430 1
429 452 1
429 545 1
429 599 1
429 665 1
429 673 1
429 675 1
430 42 1
430 94 1
430 110 1
430 204 1
430 241 1
430 361 1
430 436 1
430 536 1
431 39 1
431 43 1
431 163 1
431 187 1
431 189 1
431 231 1
431 318 1
431 390 1
431 400 1
431 481 1
431 504 1
431 597 1
431 598 1
431 666 1
432 38 1
432 44 1
432 110 1
432 369 1
432 398 1
432 501 1
432 576 1
432 651 1
432 665 1
433 17 1
433 250 1
433 309 1
433 481 1
433 522 1
434 3 1
434 57 1
434 96 1
434 182 1
434 256 1
434 281 1
434 385 1
434 386 1
434 537 1
434 603 1
434 613 1
434 655 1
435 9 1
435 12 1
435 179 1
435 195 1
435 236 1
435 351 1
435 432 1
435 488 1
435 540 1
435 556 1
435 580 1
436 81 1
436 93 1
436 165 1
436 281 1
436 293 1
436 299 1
436 405 1
436 442 1
436 650 1
437 22 1
437 28 1
437 172 1
437 196 1
437 239 1
437 399 1
437 458 1
437 491 1
437 518 1
437 622 1
438 22 1
438 31 1
438 320 1
438 347 1
438 369 1
438 418 1
438 439 1
438 479 1
438 592 1
439 159 1
439 173 1
439 282 1
439 341 1
439 367 1
439 369 1
439 497 1
439 504 1
439 556 1
440 219 1
440 275 1
440 582 1
441 191 1
441 212 1
441 273 1
441 365 1
441 408 1
441 426 1
441 478 1
441 537 1
441 590 1
442 48 1
442 188 1
442 191 1
442 215 1
442 338 1
442 419 1
442 531 1
443 38 1
443 40 1
443 41 1
443 190 1
443 283 1
443 329 1
443 358 1
443 542 1
443 649 1
443 660 1
443 667 1
444 455 1
444 458 1
444 575 1
444 601 1
444 664 1
444 672 1
445 111 1
445 174 1
445 230 1
445 368 1
445 517 1
445 567 1
445 572 1
445 581 1
446 30 1
446 230 1
446 338 1
446 349 1
446 367 1
446 543 1
446 580 1
446 624 1
447 142 1
447 183 1
447 294 1
447 316 1
447 372 1
447 431 1
447 459 1
447 460 1
447 493 1
447 586 1
447 629 1
447 632 1
447 654 1
447 674 1
448 125 1
448 176 1
448 178 1
448 194 1
448 390 1
448 534 1
448 604 1
449 195 1
449 485 1
449 500 1
449 605 1
450 12 1
450 115 1
450 293 1
450 397 1
450 596 1
450 650 1
451 57 1
451 109 1
451 212 1
451 239 1
451 303 1
451 313 1
451 324 1
451 374 1
451 461 1
451 589 1
452 102 1
452 121 1
452 123 1
452 244 1
452 259 1
452 283 1
452 386 1
452 399 1
452 418 1
452 482 1
452 522 1
452 614 1
453 39 1
453 123 1
453 243 1
453 619 1
454 111 1
454 125 1
454 226 1
454 249 1
454 299 1
454 420 1
454 598 1
454 661 1
455 100 1
455 129 1
455 451 1
455 521 1
456 33 1
456 66 1
456 89 1
456 137 1
456 142 1
456 179 1
456 218 1
456 238 1
456 255 1
456 402 1
457 79 1
457 104 1
457 249 1
457 287 1
457 428 1
457 518 1
457 523 1
457 566 1
458 7 1
458 76 1
458 170 1
458 421 1
458 450 1
458 580 1
458 585 1
458 652 1
459 61 1
459 129 1
459 162 1
459 183 1
459 223 1
459 278 1
459 309 1
459 339 1
459 405 1
459 531 1
459 654 1
460 2 1
460 146 1
460 317 1
460 369 1
460 407 1
460 425 1
460 568 1
460 576 1
460 585 1
460 680 1
461 408 1
461 550 1
461 583 1
461 586 1
461 601 1
461 605 1
461 637 1
462 148 1
462 285 1
462 339 1
462 501 1
462 524 1
462 554 1
462 575 1
462 587 1
462 592 1
462 657 1
463 60 1
463 103 1
463 203 1
463 224 1
463 274 1
463 317 1
463 486 1
463 570 1
463 666 1
464 218 1
464 242 1
464 296 1
464 364 1
464 536 1
464 595 1
465 26 1
465 45 1
465 101 1
465 243 1
465 446 1
465 567 1
465 677 1
466 7 1
466 161 1
466 375 1
466 460 1
466 500 1
467 82 1
467 257 1
467 388 1
467 393 1
467 465 1
468 121 1
468 250 1
468 365 1
468 632 1
469 6 1
469 118 1
469 151 1
469 168 1
469 183 1
469 249 1
469 300 1
469 410 1
469 563 1
469 617 1
469 646 1
470 3 1
470 373 1
470 400 1
470 428 1
470 632 1
470 655 1
471 218 1
471 273 1
471 312 1
471 316 1
471 451 1
471 600 1
471 603 1
472 28 1
472 200 1
472 250 1
472 263 1
472 371 1
472 377 1
472 391 1
472 598 1
473 9 1
473 87 1
473 194 1
473 398 1
473 420 1
473 527 1
473 570 1
474 116 1
474 125 1
474 143 1
474 347 1
474 374 1
474 421 1
474 675 1
475 117 1
475 375 1
475 501 1
475 550 1
475 554 1
476 321 1
476 465 1
476 518 1
477 169 1
477 317 1
477 362 1
477 408 1
477 447 1
477 451 1
478 28 1
478 32 1
478 162 1
478 181 1
478 204 1
478 214 1
478 224 1
478 272 1
478 299 1
478 372 1
478 597 1
478 612 1
479 54 1
479 104 1
479 125 1
479 206 1
479 325 1
479 354 1
479 482 1
479 509 1
479 634 1
479 643 1
479 677 1
480 18 1
480 223 1
480 420 1
480 489 1
481 15 1
481 70 1
481 94 1
481 205 1
481 293 1
481 483 1
481 503 1
481 567 1
481 604 1
481 673 1
482 173 1
482 388 1
482 557 1
482 559 1
482 560 1
482 593 1
482 608 1
482 626 1
483 34 1
483 146 1
483 457 1
483 613 1
483 616 1
484 97 1
484 172 1
484 202 1
484 219 1
484 277 1
484 350 1
484 425 1
484 431 1
484 441 1
484 537 1
485 327 1
485 490 1
485 504 1
485 612 1
485 622 1
486 103 1
486 171 1
486 173 1
486 252 1
486 284 1
486 290 1
486 322 1
486 329 1
486 351 1
486 352 1
486 366 1
486 424 1
486 459 1
486 518 1
487 32 1
487 118 1
487 263 1
487 632 1
487 633 1
487 646 1
487 670 1
487 679 1
488 34 1
488 177 1
488 540 1
488 574 1
488 611 1
489 220 1
489 263 1
489 358 1
489 438 1
489 587 1
489 660 1
490 1 1
490 80 1
490 124 1
490 137 1
490 245 1
490 284 1
490 307 1
491 67 1
491 76 1
491 123 1
491 331 1
491 424 1
491 527 1
491 555 1
491 611 1
491 643 1
492 80 1
492 131 1
492 203 1
492 351 1
493 266 1
493 290 1
493 314 1
493 337 1
493 443 1
493 572 1
493 594 1
493 664 1
494 247 1
494 323 1
494 477 1
494 523 1
494 643 1
494 648 1
494 656 1
495 278 1
495 382 1
495 541 1
495 608 1
495 609 1
496 25 1
496 86 1
496 136 1
496 187 1
496 205 1
496 233 1
496 255 1
496 266 1
496 311 1
496 327 1
496 368 1
496 587 1
496 613 1
496 615 1
496 621 1
496 678 1
497 89 1
497 92 1
497 124 1
497 180 1
497 200 1
497 270 1
497 365 1
497 406 1
497 434 1
497 531 1
498 66 1
498 113 1
498 146 1
498 238 1
498 359 1
498 454 1
498 545 1
498 592 1
498 595 1
499 13 1
499 61 1
499 73 1
499 297 1
499 417 1
499 438 1
500 78 1
500 161 1
500 272 1
500 371 1
500 432 1
500 448 1
500 504 1
500 603 1
500 619 1
500 623 1
500 639 1
501 174 1
501 337 1
501 340 1
501 375 1
501 425 1
501 471 1
501 495 1
501 532 1
501 573 1
501 662 1
502 7 1
502 29 1
502 33 1
502 38 1
502 79 1
502 105 1
502 145 1
502 238 1
502 271 1
502 284 1
502 598 1
503 35 1
503 53 1
503 56 1
503 68 1
503 87 1
503 163 1
503 238 1
503 292 1
503 299 1
503 307 1
503 383 1
503 533 1
504 121 1
504 155 1
504 176 1
504 258 1
504 321 1
504 356 1
504 472 1
504 477 1
504 509 1
504 565 1
504 664 1
504 678 1
504 680 1
505 277 1
505 420 1
505 540 1
505 569 1
506 88 1
506 143 1
506 615 1
506 655 1
507 47 1
507 84 1
507 86 1
507 131 1
507 233 1
507 357 1
507 474 1
507 595 1
507 618 1
508 45 1
508 53 1
508 263 1
508 312 1
508 385 1
508 558 1
508 615 1
508 664 1
509 11 1
509 141 1
509 188 1
509 215 1
509 219 1
509 324 1
509 332 1
509 496 1
509 502 1
509 580 1
509 636 1
510 15 1
510 140 1
510 151 1
510 290 1
510 336 1
510 341 1
510 444 1
510 607 1
511 72 1
511 162 1
511 214 1
511 318 1
511 651 1
512 65 1
513 36 1
513 37 1
513 282 1
513 286 1
513 346 1
513 351 1
513 358 1
513 373 1
513 393 1
513 452 1
514 158 1
514 412 1
514 509 1
514 536 1
514 668 1
515 76 1
515 495 1
516 106 1
516 154 1
516 479 1
516 496 1
516 532 1
516 547 1
516 645 1
516 648 1
516 669 1
517 26 1
517 94 1
517 124 1
517 214 1
517 219 1
517 237 1
517 551 1
517 665 1
518 7 1
518 191 1
518 332 1
518 431 1
518 492 1
518 496 1
518 531 1
518 554 1
518 634 1
518 637 1
519 284 1
519 340 1
519 368 1
519 370 1
519 433 1
519 602 1
519 616 1
520 57 1
520 276 1
520 656 1
521 195 1
521 229 1
521 363 1
521 420 1
521 437 1
522 118 1
522 179 1
522 211 1
522 299 1
522 321 1
522 352 1
522 453 1
522 578 1
522 596 1
522 615 1
522 621 1
523 71 1
523 124 1
523 210 1
523 331 1
523 340 1
523 514 1
523 602 1
523 629 1
524 20 1
524 102 1
524 341 1
524 401 1
524 412 1
524 565 1
524 605 1
524 641 1
524 666 1
525 87 1
525 174 1
525 256 1
525 301 1
525 601 1
525 605 1
526 112 1
526 445 1
526 641 1
527 53 1
527 96 1
527 315 1
527 454 1
527 612 1
527 651 1
528 64 1
528 118 1
528 156 1
528 161 1
528 176 1
528 194 1
528 391 1
528 641 1
529 37 1
529 101 1
529 150 1
529 213 1
529 396 1
529 647 1
529 655 1
530 61 1
530 104 1
530 137 1
530 471 1
530 594 1
530 676 1
531 62 1
531 67 1
531 73 1
531 109 1
531 162 1
531 295 1
531 300 1
531 367 1
531 432 1
531 465 1
531 486 1
531 549 1
531 575 1
531 631 1
532 2 1
532 89 1
532 121 1
532 183 1
532 267 1
532 318 1
532 358 1
532 405 1
532 421 1
533 24 1
533 67 1
533 68 1
533 70 1
533 95 1
533 167 1
533 253 1
533 281 1
533 336 1
533 416 1
533 597 1
534 70 1
534 170 1
534 184 1
534 262 1
534 474 1
534 516 1
535 196 1
535 256 1
535 259 1
535 314 1
535 533 1
535 624 1
536 46 1
536 58 1
536 137 1
536 194 1
536 307 1
536 399 1
536 404 1
536 439 1
536 524 1
536 571 1
536 577 1
536 583 1
536 600 1
537 41 1
537 74 1
537 140 1
537 339 1
537 375 1
537 453 1
537 579 1
537 664 1
538 0 1
538 20 1
538 66 1
538 314 1
538 528 1
538 534 1
538 600 1
538 675 1
539 82 1
539 104 1
539 139 1
540 34 1
540 88 1
540 180 1
540 286 1
540 315 1
540 388 1
540 400 1
540 493 1
540 510 1
541 70 1
541 113 1
541 196 1
541 277 1
541 326 1
541 479 1
542 130 1
542 163 1
542 308 1
542 430 1
542 435 1
542 457 1
542 484 1
542 488 1
542 579 1
542 606 1
543 21 1
543 89 1
543 161 1
543 326 1
543 409 1
543 541 1
543 562 1
543 567 1
543 570 1
543 609 1
543 620 1
543 670 1
544 204 1
544 341 1
544 348 1
544 378 1
544 440 1
544 515 1
544 609 1
544 661 1
545 13 1
545 108 1
545 180 1
545 338 1
545 341 1
545 564 1
546 69 1
546 540 1
547 129 1
547 204 1
547 375 1
547 544 1
547 546 1
547 580 1
547 642 1
548 251 1
548 555 1
549 58 1
549 76 1
549 211 1
549 212 1
549 385 1
549 399 1
549 450 1
549 606 1
549 655 1
549 675 1
550 118 1
550 238 1
550 243 1
550 290 1
550 302 1
550 345 1
550 510 1
550 517 1
551 46 1
551 134 1
551 173 1
551 289 1
551 307 1
551 387 1
551 567 1
551 582 1
551 596 1
551 610 1
552 61 1
552 67 1
552 180 1
552 259 1
552 323 1
552 339 1
552 393 1
552 493 1
552 613 1
552 656 1
553 382 1
553 402 1
553 404 1
553 417 1
553 634 1
553 668 1
554 108 1
554 141 1
554 281 1
554 339 1
554 473 1
554 567 1
554 612 1
554 678 1
555 46 1
555 164 1
555 517 1
555 566 1
555 577 1
555 592 1
555 628 1
555 644 1
555 658 1
556 116 1
556 263 1
556 308 1
556 421 1
556 431 1
556 437 1
556 500 1
556 501 1
556 516 1
556 518 1
557 106 1
557 337 1
557 360 1
557 434 1
557 483 1
557 673 1
558 60 1
558 86 1
558 103 1
558 456 1
558 459 1
558 478 1
558 620 1
559 23 1
559 121 1
559 481 1
559 665 1
560 21 1
560 100 1
560 157 1
560 179 1
560 265 1
560 305 1
560 361 1
560 514 1
560 661 1
561 24 1
561 136 1
561 183 1
561 402 1
562 89 1
562 214 1
562 638 1
563 87 1
563 219 1
563 290 1
563 451 1
563 531 1
563 542 1
563 627 1
563 672 1
564 37 1
564 107 1
564 225 1
564 251 1
564 257 1
564 269 1
564 303 1
564 419 1
564 449 1
564 574 1
564 607 1
564 678 1
565 25 1
565 28 1
565 238 1
565 256 1
565 502 1
565 523 1
565 556 1
566 147 1
566 157 1
566 209 1
566 326 1
566 430 1
566 592 1
566 623 1
566 652 1
567 17 1
567 58 1
567 102 1
567 180 1
567 278 1
567 352 1
567 486 1
567 507 1
567 530 1
567 544 1
567 660 1
568 74 1
568 144 1
568 167 1
568 225 1
568 339 1
568 455 1
568 536 1
569 7 1
569 57 1
569 285 1
569 337 1
569 521 1
569 653 1
570 6 1
570 87 1
570 285 1
570 314 1
570 316 1
570 362 1
570 375 1
570 421 1
570 452 1
570 485 1
570 530 1
570 637 1
570 639 1
571 60 1
571 61 1
571 289 1
571 378 1
571 382 1
571 389 1
571 635 1
572 21 1
572 65 1
572 115 1
572 121 1
572 169 1
572 398 1
572 651 1
573 16 1
573 103 1
573 267 1
573 395 1
573 674 1
574 7 1
574 20 1
574 23 1
574 46 1
574 140 1
574 203 1
574 220 1
574 222 1
574 246 1
574 359 1
574 439 1
574 447 1
574 466 1
574 473 1
574 674 1
575 180 1
575 189 1
575 267 1
575 453 1
575 460 1
575 582 1
575 672 1
575 677 1
576 227 1
576 287 1
576 324 1
576 461 1
576 563 1
576 611 1
577 139 1
577 280 1
577 458 1
577 586 1
577 588 1
577 648 1
578 74 1
578 117 1
578 199 1
578 203 1
578 265 1
578 388 1
578 420 1
578 502 1
578 603 1
579 90 1
579 154 1
579 172 1
579 323 1
579 343 1
579 346 1
579 433 1
579 461 1
579 525 1
579 533 1
579 569 1
579 570 1
579 627 1
580 10 1
580 386 1
580 396 1
580 407 1
580 416 1
580 542 1
580 557 1
580 655 1
581 108 1
581 112 1
581 198 1
581 231 1
581 389 1
581 475 1
581 523 1
581 536 1
582 117 1
582 163 1
582 175 1
582 265 1
582 270 1
582 461 1
582 462 1
582 479 1
582 518 1
582 584 1
583 42 1
583 79 1
583 112 1
583 189 1
583 286 1
583 315 1
583 375 1
583 530 1
583 573 1
583 608 1
583 669 1
584 98 1
584 270 1
584 287 1
584 401 1
585 15 1
585 59 1
585 251 1
585 370 1
585 402 1
585 427 1
585 478 1
585 632 1
586 14 1
586 58 1
586 167 1
586 209 1
586 344 1
586 347 1
586 355 1
586 373 1
586 381 1
586 543 1
586 635 1
587 1 1
587 59 1
587 167 1
587 168 1
587 251 1
587 344 1
587 382 1
587 443 1
587 501 1
587 549 1
587 564 1
587 612 1
587 654 1
587 656 1
587 657 1
588 10 1
588 73 1
588 162 1
588 281 1
588 340 1
588 349 1
588 350 1
588 367 1
588 381 1
589 198 1
589 371 1
590 67 1
590 110 1
590 163 1
590 259 1
590 272 1
590 281 1
590 288 1
590 298 1
590 463 1
591 90 1
591 128 1
591 157 1
591 171 1
591 179 1
591 270 1
591 372 1
591 447 1
591 462 1
592 16 1
592 31 1
592 78 1
592 199 1
592 201 1
592 378 1
592 381 1
592 404 1
592 487 1
592 523 1
592 631 1
593 19 1
593 226 1
593 426 1
593 513 1
593 609 1
594 8 1
594 98 1
594 137 1
594 248 1
594 467 1
594 509 1
594 536 1
594 586 1
594 637 1
595 63 1
595 125 1
595 145 1
595 273 1
595 294 1
595 438 1
595 463 1
595 468 1
595 470 1
595 619 1
596 50 1
596 80 1
596 145 1
596 183 1
596 403 1
596 408 1
596 413 1
596 459 1
596 550 1
596 561 1
597 57 1
597 210 1
597 274 1
597 320 1
597 438 1
597 462 1
597 498 1
597 540 1
597 663 1
598 150 1
598 193 1
598 273 1
598 275 1
598 291 1
598 326 1
598 482 1
598 494 1
598 499 1
598 545 1
598 583 1
598 647 1
599 141 1
599 178 1
599 352 1
599 411 1
599 421 1
599 435 1
599 436 1
599 486 1
599 590 1
600 55 1
600 107 1
600 108 1
600 234 1
600 498 1
600 604 1
600 608 1
600 618 1
601 129 1
601 148 1
601 290 1
601 345 1
601 366 1
601 596 1
601 639 1
601 640 1
602 379 1
602 438 1
602 498 1
602 499 1
602 508 1
602 517 1
603 6 1
603 141 1
603 192 1
603 237 1
603 241 1
603 479 1
603 544 1
604 60 1
604 142 1
604 169 1
604 261 1
604 291 1
604 391 1
604 474 1
604 558 1
605 56 1
605 228 1
605 260 1
605 441 1
605 527 1
605 535 1
605 537 1
605 551 1
605 652 1
606 72 1
606 73 1
606 158 1
606 234 1
606 269 1
606 370 1
606 392 1
606 415 1
606 474 1
606 618 1
607 68 1
607 114 1
607 126 1
607 191 1
607 238 1
607 248 1
607 377 1
607 429 1
607 447 1
607 600 1
608 2 1
608 70 1
608 129 1
608 227 1
608 243 1
608 266 1
608 344 1
608 460 1
608 613 1
609 94 1
609 128 1
609 248 1
609 326 1
609 361 1
609 379 1
609 619 1
609 622 1
610 30 1
610 264 1
610 567 1
610 575 1
610 621 1
611 143 1
611 155 1
611 227 1
611 231 1
611 277 1
611 318 1
611 449 1
611 487 1
612 36 1
612 131 1
612 158 1
612 226 1
612 376 1
612 381 1
612 392 1
612 481 1
612 494 1
612 597 1
612 642 1
613 10 1
613 81 1
613 145 1
613 174 1
613 189 1
613 190 1
613 252 1
613 311 1
613 338 1
613 456 1
613 501 1
613 525 1
613 590 1
613 598 1
614 141 1
614 315 1
614 321 1
614 451 1
614 495 1
614 553 1
615 127 1
615 376 1
615 426 1
615 443 1
615 452 1
615 503 1
615 566 1
616 85 1
616 323 1
616 393 1
616 397 1
616 410 1
616 441 1
616 459 1
616 595 1
616 649 1
617 90 1
617 234 1
617 353 1
617 392 1
617 429 1
617 472 1
617 549 1
617 577 1
617 666 1
618 323 1
618 401 1
618 458 1
618 470 1
618 472 1
619 8 1
619 19 1
619 47 1
619 169 1
619 200 1
619 225 1
619 240 1
619 259 1
619 302 1
619 336 1
619 436 1
619 454 1
619 547 1
619 575 1
619 593 1
619 635 1
620 22 1
620 27 1
620 88 1
620 134 1
620 136 1
620 180 1
620 348 1
620 447 1
620 490 1
620 625 1
621 55 1
621 246 1
621 523 1
621 607 1
621 671 1
622 13 1
622 178 1
622 280 1
622 283 1
622 296 1
622 648 1
622 663 1
622 679 1
623 174 1
623 361 1
623 376 1
623 382 1
623 454 1
624 92 1
624 202 1
624 245 1
624 389 1
624 498 1
624 508 1
624 525 1
625 56 1
625 278 1
625 513 1
626 3 1
626 243 1
626 330 1
626 332 1
626 490 1
626 574 1
626 644 1
626 659 1
627 49 1
627 53 1
627 61 1
627 175 1
627 390 1
627 619 1
628 133 1
628 260 1
628 326 1
628 368 1
628 579 1
629 57 1
629 82 1
629 142 1
629 173 1
629 206 1
629 213 1
629 401 1
629 566 1
630 5 1
630 87 1
630 343 1
630 419 1
630 426 1
631 28 1
631 57 1
631 62 1
631 68 1
631 83 1
631 287 1
631 327 1
631 533 1
631 579 1
631 619 1
631 658 1
632 21 1
632 76 1
632 78 1
632 194 1
632 264 1
632 337 1
632 378 1
632 471 1
632 478 1
632 497 1
633 89 1
633 168 1
633 255 1
633 290 1
633 326 1
634 62 1
634 140 1
634 273 1
634 387 1
634 543 1
634 551 1
635 10 1
635 20 1
635 71 1
635 81 1
635 124 1
635 159 1
635 210 1
635 268 1
635 373 1
635 573 1
635 590 1
635 596 1
636 62 1
636 459 1
636 513 1
636 531 1
637 63 1
637 108 1
637 110 1
637 122 1
637 447 1
637 552 1
637 556 1
637 642 1
637 655 1
638 87 1
638 563 1
638 604 1
638 625 1
638 645 1
638 655 1
639 50 1
639 107 1
639 112 1
639 192 1
639 282 1
639 320 1
639 368 1
639 377 1
639 454 1
639 547 1
639 576 1
639 673 1
640 136 1
640 201 1
640 307 1
640 377 1
640 531 1
640 670 1
641 100 1
641 123 1
641 151 1
641 222 1
641 283 1
641 292 1
641 340 1
641 362 1
641 398 1
641 417 1
642 22 1
642 34 1
642 178 1
642 513 1
642 610 1
643 71 1
643 116 1
643 408 1
643 441 1
643 501 1
643 538 1
643 646 1
643 670 1
644 105 1
644 391 1
644 417 1
644 631 1
645 14 1
645 151 1
645 211 1
645 251 1
645 281 1
645 300 1
645 456 1
645 531 1
646 129 1
646 298 1
646 347 1
646 366 1
646 405 1
646 463 1
646 491 1
646 504 1
646 558 1
646 652 1
646 680 1
647 2 1
647 134 1
647 141 1
647 570 1
647 608 1
647 651 1
647 679 1
648 33 1
648 49 1
648 236 1
648 294 1
648 325 1
648 404 1
648 610 1
648 631 1
648 670 1
649 206 1
649 225 1
649 519 1
649 603 1
649 611 1
649 651 1
649 659 1
650 29 1
650 75 1
650 484 1
650 532 1
650 541 1
650 607 1
650 630 1
650 674 1
651 108 1
651 143 1
651 167 1
651 194 1
651 266 1
651 410 1
651 427 1
651 474 1
651 483 1
651 518 1
651 559 1
651 580 1
651 652 1
652 19 1
652 85 1
652 92 1
652 114 1
652 210 1
652 220 1
652 272 1
652 310 1
652 316 1
652 320 1
652 400 1
652 496 1
652 508 1
652 616 1
652 669 1
653 420 1
653 487 1
653 607 1
653 668 1
654 8 1
654 15 1
654 84 1
654 117 1
654 183 1
654 198 1
654 300 1
654 484 1
654 500 1
654 586 1
654 616 1
655 127 1
655 141 1
655 222 1
655 237 1
655 383 1
655 429 1
655 502 1
655 554 1
655 582 1
655 635 1
655 640 1
655 647 1
655 654 1
656 24 1
656 87 1
656 318 1
656 323 1
656 394 1
656 432 1
656 447 1
656 556 1
656 596 1
656 609 1
657 5 1
657 92 1
657 265 1
657 296 1
657 409 1
657 434 1
658 116 1
658 354 1
658 494 1
658 543 1
658 551 1
659 174 1
659 283 1
659 313 1
659 339 1
659 422 1
659 519 1
659 676 1
660 323 1
660 332 1
660 370 1
660 377 1
660 486 1
660 519 1
660 555 1
660 568 1
661 17 1
661 66 1
661 78 1
661 105 1
661 200 1
661 321 1
661 382 1
661 583 1
661 651 1
662 147 1
662 176 1
662 184 1
662 214 1
662 354 1
663 119 1
663 182 1
663 237 1
663 291 1
663 327 1
663 467 1
663 537 1
663 651 1
664 56 1
664 140 1
664 143 1
664 196 1
664 456 1
664 550 1
664 611 1
665 81 1
665 119 1
665 204 1
665 209 1
665 229 1
665 285 1
665 323 1
665 442 1
665 521 1
666 62 1
666 135 1
666 140 1
666 215 1
666 245 1
666 249 1
666 302 1
666 675 1
667 8 1
667 45 1
667 103 1
667 181 1
667 188 1
667 269 1
667 331 1
667 380 1
667 503 1
667 568 1
667 654 1
668 15 1
668 76 1
668 111 1
668 149 1
668 291 1
668 400 1
668 416 1
668 432 1
668 444 1
668 482 1
668 552 1
668 654 1
668 667 1
669 20 1
669 25 1
669 38 1
669 62 1
669 70 1
669 93 1
669 140 1
669 202 1
669 323 1
669 370 1
669 472 1
669 497 1
669 553 1
669 598 1
669 659 1
670 38 1
670 39 1
670 124 1
670 255 1
670 296 1
670 313 1
670 392 1
670 407 1
670 410 1
670 429 1
670 567 1
671 202 1
671 439 1
671 491 1
671 592 1
672 57 1
672 208 1
672 284 1
672 396 1
672 528 1
672 606 1
673 86 1
673 89 1
673 106 1
673 206 1
673 280 1
673 379 1
673 450 1
674 80 1
674 138 1
674 139 1
674 221 1
674 331 1
674 374 1
674 423 1
674 519 1
674 568 1
674 654 1
675 135 1
675 191 1
675 198 1
675 289 1
675 330 1
675 412 1
675 496 1
676 127 1
676 148 1
676 219 1
676 221 1
676 273 1
676 345 1
676 600 1
677 118 1
677 144 1
677 268 1
677 351 1
677 535 1
677 557 1
677 638 1
677 667 1
678 40 1
678 137 1
678 192 1
678 415 1
678 600 1
678 604 1
678 614 1
679 48 1
679 163 1
679 238 1
679 556 1
679 658 1
680 93 1
680 143 1
680 288 1
680 305 1
680 320 1
680 343 1
680 517 1
