vi vj e
0 506 1
0 522 1
1 28 1
1 137 1
1 489 1
1 510 1
2 37 1
2 151 1
2 180 1
2 191 1
2 209 1
2 217 1
2 223 1
2 266 1
2 425 1
2 467 1
2 469 1
2 486 1
3 454 1
4 167 1
4 207 1
4 453 1
5 105 1
5 143 1
5 308 1
6 82 1
6 98 1
6 179 1
6 284 1
6 315 1
6 439 1
6 530 1
7 49 1
7 223 1
7 253 1
7 345 1
7 398 1
8 55 1
8 180 1
8 235 1
8 403 1
8 415 1
9 125 1
9 344 1
10 28 1
10 59 1
10 151 1
10 224 1
10 233 1
10 449 1
11 64 1
11 69 1
11 70 1
11 152 1
11 195 1
11 226 1
11 477 1
12 159 1
12 271 1
12 304 1
12 440 1
12 463 1
13 39 1
13 63 1
13 175 1
13 426 1
14 37 1
14 129 1
14 281 1
15 101 1
15 156 1
15 186 1
15 206 1
15 217 1
15 227 1
15 339 1
15 427 1
15 484 1
15 511 1
16 18 1
16 125 1
16 168 1
16 194 1
16 350 1
16 363 1
16 466 1
17 170 1
17 212 1
17 311 1
17 319 1
17 334 1
18 81 1
18 268 1
18 297 1
18 357 1
18 417 1
18 486 1
19 36 1
19 126 1
19 172 1
19 348 1
19 474 1
20 254 1
20 289 1
20 322 1
21 114 1
21 127 1
21 279 1
21 318 1
21 489 1
21 504 1
22 239 1
22 385 1
22 490 1
23 13 1
23 41 1
23 294 1
24 104 1
24 335 1
24 389 1
25 106 1
25 198 1
25 250 1
25 255 1
25 314 1
25 321 1
25 396 1
25 484 1
26 111 1
26 212 1
26 244 1
26 303 1
26 412 1
27 10 1
27 108 1
27 201 1
27 324 1
27 448 1
27 468 1
28 69 1
28 123 1
28 136 1
28 173 1
28 196 1
28 260 1
28 291 1
28 332 1
28 437 1
28 490 1
29 125 1
29 139 1
29 171 1
29 495 1
30 532 1
31 21 1
31 163 1
31 230 1
31 389 1
31 442 1
31 481 1
31 515 1
32 134 1
32 376 1
32 431 1
33 156 1
33 362 1
34 156 1
34 202 1
34 327 1
34 437 1
34 486 1
34 500 1
35 118 1
35 263 1
35 387 1
35 483 1
35 524 1
36 16 1
36 52 1
36 361 1
36 429 1
36 446 1
36 470 1
37 144 1
37 397 1
37 478 1
37 497 1
38 18 1
38 134 1
38 497 1
39 201 1
39 324 1
39 445 1
39 482 1
39 530 1
40 110 1
40 191 1
40 350 1
40 421 1
41 4 1
41 56 1
41 358 1
42 90 1
42 186 1
42 220 1
42 276 1
42 299 1
42 342 1
42 409 1
42 423 1
43 6 1
43 195 1
43 337 1
43 411 1
43 415 1
43 416 1
43 458 1
43 497 1
44 42 1
44 229 1
44 282 1
44 355 1
44 467 1
44 524 1
45 42 1
45 197 1
45 218 1
45 310 1
45 322 1
45 385 1
45 516 1
46 194 1
46 528 1
47 42 1
47 205 1
47 268 1
47 446 1
47 491 1
48 217 1
48 485 1
49 55 1
49 167 1
49 222 1
49 303 1
49 437 1
49 478 1
49 503 1
50 129 1
50 363 1
50 369 1
50 383 1
50 465 1
50 491 1
51 125 1
51 145 1
51 192 1
51 422 1
51 464 1
51 481 1
51 487 1
52 2 1
52 175 1
52 184 1
52 208 1
52 331 1
52 460 1
52 513 1
52 525 1
53 21 1
53 259 1
53 389 1
53 491 1
53 520 1
54 10 1
54 337 1
54 348 1
54 392 1
55 37 1
55 130 1
55 145 1
55 156 1
55 344 1
55 404 1
55 442 1
56 12 1
56 21 1
56 254 1
56 342 1
56 360 1
56 464 1
56 514 1
56 533 1
57 26 1
57 156 1
57 466 1
57 503 1
58 60 1
58 116 1
58 122 1
58 143 1
58 159 1
58 170 1
58 240 1
58 247 1
58 262 1
58 469 1
59 86 1
59 124 1
59 164 1
59 353 1
59 532 1
60 10 1
60 15 1
60 239 1
60 294 1
60 465 1
60 479 1
61 56 1
61 73 1
61 218 1
61 490 1
62 68 1
63 91 1
63 151 1
63 152 1
63 246 1
63 501 1
63 516 1
64 68 1
64 146 1
64 357 1
64 411 1
65 77 1
65 119 1
65 157 1
65 239 1
65 300 1
65 328 1
65 357 1
66 1 1
66 7 1
66 114 1
66 149 1
66 177 1
66 244 1
66 314 1
67 185 1
67 264 1
67 273 1
67 393 1
67 401 1
67 423 1
68 127 1
68 197 1
68 248 1
68 406 1
68 484 1
69 204 1
69 330 1
69 426 1
69 463 1
69 502 1
70 2 1
70 65 1
70 191 1
70 216 1
70 318 1
70 338 1
71 34 1
72 28 1
72 452 1
72 508 1
72 512 1
73 124 1
73 178 1
73 241 1
74 58 1
74 235 1
74 264 1
74 325 1
74 458 1
75 501 1
76 183 1
76 197 1
76 367 1
76 477 1
76 513 1
77 2 1
77 171 1
77 191 1
77 434 1
77 491 1
78 104 1
78 476 1
78 508 1
79 36 1
79 49 1
79 171 1
79 293 1
79 395 1
80 27 1
80 343 1
80 365 1
81 15 1
81 166 1
81 417 1
81 463 1
82 35 1
82 43 1
82 55 1
82 134 1
82 152 1
82 177 1
82 189 1
82 250 1
82 288 1
82 388 1
82 454 1
83 190 1
83 365 1
83 404 1
83 496 1
84 344 1
84 363 1
84 415 1
84 489 1
84 495 1
84 502 1
85 274 1
85 301 1
85 305 1
86 29 1
86 116 1
86 198 1
86 234 1
86 406 1
86 508 1
86 517 1
87 136 1
87 173 1
87 523 1
88 343 1
88 528 1
89 14 1
89 262 1
89 387 1
89 406 1
90 83 1
90 84 1
90 108 1
90 269 1
90 415 1
90 497 1
90 516 1
91 329 1
91 361 1
92 45 1
92 332 1
92 357 1
92 436 1
93 144 1
93 271 1
93 412 1
93 444 1
94 129 1
94 371 1
94 438 1
95 471 1
96 119 1
96 372 1
96 498 1
97 179 1
97 361 1
97 381 1
98 144 1
99 168 1
99 321 1
99 334 1
99 429 1
99 479 1
100 81 1
100 272 1
100 409 1
101 59 1
101 75 1
101 100 1
101 165 1
101 205 1
101 331 1
101 420 1
101 473 1
102 16 1
102 171 1
102 188 1
102 234 1
102 407 1
103 49 1
103 58 1
103 146 1
103 165 1
103 352 1
104 36 1
104 200 1
104 425 1
104 445 1
104 502 1
105 79 1
105 179 1
105 279 1
105 297 1
106 201 1
106 526 1
107 52 1
107 394 1
108 73 1
108 250 1
108 355 1
108 401 1
108 403 1
108 493 1
109 40 1
109 140 1
109 248 1
109 251 1
109 269 1
109 373 1
110 196 1
110 225 1
110 483 1
111 390 1
111 520 1
112 96 1
112 199 1
112 306 1
112 350 1
112 400 1
113 221 1
113 225 1
114 11 1
114 288 1
114 408 1
115 198 1
116 25 1
116 132 1
116 444 1
116 509 1
117 56 1
117 196 1
117 213 1
117 424 1
117 474 1
118 70 1
118 198 1
118 396 1
119 60 1
119 76 1
119 156 1
119 232 1
119 271 1
119 460 1
119 482 1
119 493 1
119 507 1
120 44 1
120 52 1
120 253 1
120 308 1
120 375 1
121 186 1
121 356 1
122 145 1
122 396 1
122 413 1
123 105 1
123 170 1
123 185 1
123 350 1
124 82 1
124 174 1
124 205 1
124 211 1
124 224 1
124 262 1
124 272 1
124 355 1
124 449 1
125 18 1
125 87 1
125 156 1
125 233 1
125 268 1
125 391 1
125 407 1
125 481 1
125 532 1
126 136 1
126 151 1
126 170 1
126 457 1
126 474 1
127 43 1
127 58 1
127 86 1
127 151 1
127 233 1
127 532 1
128 33 1
128 181 1
128 242 1
128 281 1
128 505 1
129 16 1
129 165 1
129 414 1
130 402 1
131 528 1
132 509 1
133 489 1
134 51 1
134 61 1
134 99 1
134 244 1
134 482 1
135 50 1
135 78 1
135 102 1
135 143 1
135 230 1
135 282 1
136 7 1
136 90 1
136 157 1
136 226 1
136 248 1
136 250 1
136 299 1
137 2 1
137 33 1
137 88 1
137 503 1
138 45 1
138 78 1
138 241 1
138 377 1
139 172 1
139 217 1
139 478 1
139 514 1
140 47 1
140 229 1
140 284 1
140 384 1
141 97 1
141 144 1
141 256 1
141 338 1
141 382 1
141 523 1
142 198 1
142 419 1
142 456 1
143 203 1
143 249 1
143 290 1
144 50 1
144 71 1
144 169 1
144 216 1
144 231 1
144 236 1
144 289 1
144 296 1
144 323 1
144 399 1
144 444 1
145 11 1
145 107 1
145 198 1
145 231 1
145 405 1
145 470 1
145 505 1
146 105 1
146 128 1
146 173 1
146 349 1
146 379 1
147 22 1
147 161 1
147 204 1
147 250 1
147 285 1
147 339 1
148 118 1
149 8 1
149 203 1
149 281 1
149 321 1
149 517 1
150 250 1
151 26 1
151 59 1
151 138 1
151 183 1
151 371 1
151 395 1
151 455 1
151 473 1
152 173 1
152 233 1
152 236 1
152 493 1
152 511 1
153 9 1
153 109 1
154 60 1
154 257 1
154 434 1
155 80 1
155 122 1
155 127 1
155 140 1
155 284 1
155 385 1
156 84 1
156 90 1
156 185 1
156 186 1
156 259 1
156 279 1
156 328 1
156 411 1
157 178 1
157 283 1
157 341 1
157 377 1
158 176 1
158 355 1
158 410 1
158 447 1
158 474 1
159 6 1
159 128 1
159 318 1
159 380 1
159 386 1
159 484 1
160 52 1
160 224 1
160 300 1
160 472 1
160 482 1
161 8 1
161 372 1
161 455 1
162 176 1
162 265 1
162 344 1
162 446 1
163 120 1
163 155 1
163 192 1
163 433 1
164 40 1
164 165 1
164 230 1
165 15 1
165 23 1
165 141 1
165 247 1
165 305 1
165 434 1
166 13 1
166 60 1
166 384 1
166 388 1
167 200 1
167 202 1
167 204 1
167 279 1
167 331 1
167 497 1
168 119 1
168 243 1
168 283 1
169 214 1
169 253 1
169 382 1
169 420 1
170 14 1
170 19 1
170 93 1
170 280 1
170 314 1
170 323 1
170 350 1
170 439 1
170 440 1
171 22 1
171 83 1
171 101 1
171 115 1
171 336 1
171 496 1
172 1 1
172 2 1
172 47 1
172 135 1
172 213 1
173 45 1
173 64 1
173 67 1
173 77 1
173 119 1
173 193 1
173 392 1
174 66 1
174 229 1
174 322 1
174 532 1
175 26 1
175 57 1
175 170 1
175 369 1
175 370 1
176 315 1
176 327 1
176 428 1
176 462 1
176 512 1
177 87 1
177 145 1
178 15 1
178 180 1
178 229 1
178 326 1
178 349 1
178 437 1
178 476 1
179 12 1
179 163 1
179 280 1
179 369 1
179 399 1
179 460 1
180 29 1
180 188 1
180 193 1
180 301 1
180 408 1
181 25 1
181 151 1
181 236 1
181 252 1
181 254 1
181 262 1
181 341 1
181 465 1
181 485 1
182 371 1
182 413 1
183 49 1
183 147 1
183 433 1
183 445 1
183 489 1
184 109 1
184 272 1
184 280 1
185 38 1
185 49 1
185 376 1
185 386 1
185 425 1
185 454 1
186 263 1
186 280 1
186 346 1
186 395 1
186 420 1
186 445 1
186 449 1
186 481 1
187 190 1
188 34 1
188 119 1
188 320 1
188 394 1
188 420 1
188 482 1
189 45 1
189 92 1
189 460 1
189 503 1
190 38 1
190 363 1
191 89 1
191 122 1
191 124 1
191 137 1
191 146 1
191 167 1
191 319 1
191 386 1
192 43 1
192 76 1
192 238 1
193 117 1
193 231 1
193 250 1
193 347 1
193 526 1
194 49 1
194 165 1
194 167 1
194 223 1
194 376 1
195 51 1
195 308 1
195 330 1
195 360 1
196 5 1
196 53 1
196 67 1
196 93 1
196 243 1
196 331 1
196 428 1
197 25 1
197 124 1
197 158 1
197 166 1
197 282 1
197 293 1
197 347 1
197 355 1
197 433 1
198 5 1
198 147 1
198 274 1
198 340 1
198 393 1
198 397 1
198 433 1
198 460 1
198 491 1
199 25 1
199 57 1
199 135 1
199 275 1
199 353 1
199 365 1
199 452 1
200 52 1
200 168 1
200 185 1
200 211 1
200 273 1
200 309 1
200 453 1
201 35 1
201 100 1
201 159 1
201 247 1
201 312 1
202 56 1
202 70 1
202 154 1
202 398 1
203 89 1
203 147 1
203 208 1
203 298 1
203 325 1
203 527 1
204 17 1
204 66 1
204 316 1
204 382 1
204 383 1
204 471 1
204 529 1
205 109 1
205 187 1
205 232 1
205 253 1
205 309 1
206 181 1
206 399 1
206 417 1
207 31 1
207 63 1
207 72 1
207 301 1
207 312 1
208 262 1
208 514 1
208 519 1
209 200 1
209 254 1
209 383 1
209 404 1
210 293 1
210 467 1
211 8 1
211 125 1
211 303 1
211 423 1
211 480 1
212 368 1
212 437 1
213 58 1
213 199 1
213 264 1
213 401 1
213 429 1
214 28 1
214 485 1
215 74 1
215 287 1
215 491 1
215 522 1
216 210 1
216 230 1
216 403 1
216 465 1
216 481 1
217 319 1
217 464 1
217 471 1
217 518 1
218 25 1
218 108 1
218 361 1
218 432 1
218 490 1
218 514 1
219 126 1
219 196 1
219 343 1
219 433 1
219 507 1
220 178 1
220 368 1
220 488 1
221 77 1
221 432 1
221 438 1
221 492 1
222 97 1
222 188 1
222 261 1
222 455 1
222 485 1
223 30 1
223 43 1
223 85 1
223 321 1
223 340 1
223 471 1
224 52 1
224 60 1
224 67 1
224 180 1
224 229 1
224 377 1
224 409 1
224 456 1
224 472 1
224 495 1
225 16 1
225 153 1
225 271 1
225 377 1
225 404 1
226 376 1
226 448 1
226 521 1
227 246 1
227 322 1
227 367 1
228 196 1
228 368 1
229 6 1
229 42 1
229 112 1
229 264 1
229 279 1
229 299 1
229 524 1
230 28 1
230 200 1
230 285 1
230 344 1
230 448 1
230 523 1
231 234 1
231 240 1
231 261 1
232 82 1
232 197 1
232 292 1
232 367 1
232 437 1
233 58 1
233 102 1
233 154 1
233 332 1
233 443 1
234 70 1
234 337 1
234 425 1
234 493 1
234 511 1
235 35 1
235 119 1
235 274 1
235 346 1
235 512 1
236 151 1
236 169 1
236 221 1
236 433 1
236 451 1
236 456 1
236 477 1
237 141 1
237 149 1
237 324 1
237 388 1
238 162 1
238 290 1
238 480 1
239 88 1
239 93 1
239 201 1
239 232 1
239 508 1
240 99 1
240 215 1
240 438 1
240 441 1
240 509 1
241 123 1
241 144 1
241 164 1
241 193 1
241 211 1
241 313 1
242 403 1
243 40 1
243 155 1
243 165 1
243 347 1
243 532 1
244 119 1
244 250 1
244 309 1
244 322 1
244 349 1
245 127 1
245 203 1
245 404 1
245 410 1
246 101 1
246 181 1
246 226 1
246 300 1
246 332 1
246 396 1
246 427 1
247 15 1
247 61 1
247 258 1
247 373 1
247 519 1
248 32 1
248 431 1
248 466 1
248 469 1
249 351 1
249 518 1
250 20 1
250 31 1
250 44 1
250 81 1
250 146 1
250 337 1
250 400 1
250 402 1
250 465 1
250 496 1
250 514 1
251 67 1
251 460 1
252 66 1
252 396 1
253 51 1
253 329 1
253 482 1
253 528 1
253 530 1
254 4 1
254 72 1
254 163 1
254 247 1
254 315 1
254 475 1
254 523 1
254 525 1
255 395 1
255 481 1
256 266 1
256 437 1
256 525 1
257 82 1
257 393 1
257 406 1
258 27 1
258 102 1
258 104 1
258 155 1
259 10 1
259 25 1
259 337 1
259 389 1
259 392 1
259 413 1
259 475 1
259 512 1
260 361 1
260 486 1
261 2 1
261 272 1
261 375 1
261 436 1
261 441 1
262 19 1
262 28 1
262 159 1
262 241 1
262 245 1
262 336 1
262 421 1
263 174 1
263 205 1
263 262 1
263 374 1
263 496 1
264 28 1
264 137 1
264 154 1
264 222 1
264 290 1
264 531 1
265 441 1
265 469 1
266 12 1
266 100 1
266 250 1
266 293 1
267 206 1
267 479 1
268 224 1
268 271 1
268 304 1
268 393 1
269 244 1
269 286 1
269 303 1
269 307 1
269 460 1
269 510 1
270 457 1
271 4 1
271 161 1
271 196 1
271 219 1
271 298 1
272 21 1
272 74 1
272 241 1
272 282 1
272 299 1
272 332 1
272 357 1
272 401 1
272 404 1
272 435 1
273 139 1
273 204 1
273 474 1
273 497 1
274 84 1
274 199 1
274 209 1
274 224 1
274 229 1
274 411 1
275 345 1
276 254 1
276 397 1
277 126 1
277 367 1
277 529 1
278 214 1
278 234 1
279 111 1
279 118 1
279 191 1
279 305 1
279 318 1
279 319 1
280 42 1
280 183 1
280 223 1
280 230 1
280 506 1
280 515 1
281 162 1
281 184 1
281 185 1
281 391 1
281 430 1
282 7 1
282 58 1
282 136 1
282 166 1
282 174 1
282 304 1
282 420 1
282 484 1
282 489 1
283 69 1
283 89 1
283 155 1
283 314 1
283 350 1
284 34 1
284 56 1
284 67 1
284 79 1
284 236 1
284 508 1
285 114 1
285 295 1
285 365 1
285 406 1
285 421 1
285 461 1
285 531 1
286 23 1
286 76 1
286 362 1
287 64 1
287 282 1
287 313 1
288 0 1
288 15 1
288 357 1
289 76 1
289 158 1
289 246 1
290 192 1
290 267 1
290 269 1
290 485 1
291 82 1
291 279 1
291 368 1
292 59 1
292 370 1
293 87 1
293 103 1
293 194 1
293 228 1
293 473 1
293 494 1
293 506 1
294 91 1
294 208 1
294 243 1
294 349 1
294 402 1
295 112 1
295 258 1
295 335 1
295 353 1
295 454 1
296 2 1
296 101 1
296 369 1
297 173 1
297 224 1
297 443 1
297 481 1
298 158 1
298 308 1
298 433 1
299 58 1
299 233 1
299 235 1
299 340 1
299 356 1
299 520 1
300 181 1
300 207 1
300 346 1
300 392 1
300 494 1
301 84 1
301 112 1
301 259 1
301 350 1
302 145 1
302 198 1
302 294 1
303 0 1
303 2 1
303 249 1
303 317 1
304 74 1
304 79 1
304 280 1
304 490 1
305 59 1
305 82 1
305 508 1
305 518 1
306 28 1
306 218 1
307 63 1
308 32 1
308 47 1
308 169 1
308 183 1
308 216 1
308 304 1
308 354 1
308 400 1
309 61 1
309 108 1
309 227 1
309 291 1
309 295 1
309 420 1
310 315 1
311 92 1
311 124 1
311 293 1
311 438 1
312 6 1
312 367 1
313 25 1
313 65 1
313 215 1
313 285 1
313 380 1
313 387 1
313 462 1
314 77 1
314 96 1
314 99 1
314 195 1
314 218 1
314 220 1
314 298 1
315 2 1
315 48 1
315 54 1
315 282 1
315 331 1
315 420 1
315 455 1
316 11 1
316 39 1
316 85 1
316 134 1
316 504 1
316 524 1
317 39 1
317 232 1
317 254 1
317 371 1
317 392 1
317 508 1
318 158 1
318 239 1
318 313 1
318 379 1
318 403 1
319 43 1
319 82 1
319 388 1
319 396 1
319 475 1
320 144 1
320 236 1
320 283 1
320 294 1
320 330 1
320 445 1
320 476 1
320 482 1
321 200 1
321 369 1
321 436 1
321 506 1
321 510 1
322 10 1
322 86 1
322 128 1
322 161 1
322 216 1
322 262 1
322 330 1
322 356 1
322 376 1
323 228 1
323 324 1
323 360 1
323 415 1
323 416 1
323 484 1
324 65 1
324 102 1
324 180 1
324 238 1
324 315 1
324 487 1
325 29 1
325 281 1
325 368 1
326 113 1
326 361 1
326 457 1
327 140 1
327 155 1
327 381 1
327 449 1
328 181 1
328 320 1
328 356 1
329 203 1
329 317 1
329 413 1
330 144 1
330 186 1
330 276 1
330 294 1
330 329 1
330 532 1
331 19 1
331 150 1
331 224 1
331 243 1
331 282 1
331 350 1
331 390 1
331 516 1
332 10 1
332 47 1
332 147 1
332 202 1
332 259 1
332 283 1
332 420 1
333 156 1
334 320 1
334 456 1
334 530 1
335 297 1
335 311 1
335 373 1
335 429 1
336 39 1
336 86 1
336 504 1
337 34 1
337 85 1
337 144 1
337 151 1
337 181 1
337 362 1
337 442 1
337 529 1
338 93 1
338 199 1
338 464 1
339 290 1
339 316 1
339 437 1
339 495 1
340 204 1
340 241 1
340 403 1
340 456 1
341 82 1
341 254 1
342 103 1
342 139 1
342 211 1
342 277 1
342 317 1
343 56 1
343 66 1
343 138 1
343 141 1
344 31 1
344 109 1
344 171 1
344 222 1
344 392 1
344 466 1
345 230 1
345 505 1
346 178 1
346 364 1
346 447 1
346 450 1
347 67 1
347 273 1
347 323 1
347 339 1
347 397 1
347 447 1
348 464 1
348 479 1
348 493 1
348 500 1
348 524 1
349 160 1
349 296 1
349 335 1
349 413 1
349 517 1
350 2 1
350 45 1
350 127 1
350 179 1
350 204 1
350 252 1
350 272 1
350 421 1
350 452 1
350 461 1
350 476 1
350 516 1
351 215 1
351 269 1
351 318 1
352 487 1
353 251 1
353 282 1
353 330 1
353 417 1
353 418 1
353 457 1
354 18 1
355 34 1
355 101 1
355 182 1
355 246 1
355 265 1
355 370 1
355 494 1
356 15 1
356 63 1
356 174 1
356 232 1
356 353 1
357 3 1
357 44 1
357 382 1
357 468 1
357 489 1
357 529 1
358 144 1
358 326 1
358 485 1
359 309 1
360 79 1
360 170 1
360 364 1
360 529 1
361 41 1
361 86 1
361 181 1
361 193 1
361 234 1
361 263 1
361 419 1
361 422 1
361 468 1
361 476 1
362 11 1
362 448 1
362 511 1
363 24 1
363 66 1
363 103 1
363 120 1
363 149 1
363 225 1
363 351 1
364 72 1
364 195 1
364 285 1
364 518 1
365 7 1
365 99 1
365 204 1
365 436 1
365 521 1
366 50 1
366 173 1
367 55 1
367 125 1
367 256 1
367 342 1
367 439 1
367 526 1
368 28 1
368 53 1
368 86 1
368 119 1
368 142 1
368 222 1
368 245 1
368 336 1
368 358 1
369 20 1
369 119 1
369 178 1
369 324 1
369 429 1
369 446 1
370 123 1
370 131 1
370 284 1
370 308 1
371 53 1
371 124 1
371 128 1
371 219 1
371 331 1
371 442 1
372 15 1
372 293 1
372 441 1
373 36 1
373 60 1
373 127 1
373 147 1
374 314 1
374 353 1
375 138 1
375 337 1
375 367 1
375 465 1
376 68 1
376 308 1
376 389 1
376 446 1
376 465 1
376 506 1
377 11 1
377 199 1
377 317 1
377 467 1
377 501 1
378 125 1
378 272 1
379 159 1
379 197 1
379 353 1
379 399 1
380 216 1
380 361 1
380 527 1
381 378 1
381 418 1
381 520 1
382 38 1
382 51 1
382 237 1
382 396 1
382 495 1
383 185 1
383 261 1
383 455 1
384 1 1
384 48 1
384 157 1
385 15 1
385 108 1
385 448 1
386 17 1
386 39 1
386 144 1
386 215 1
386 274 1
386 292 1
387 191 1
387 250 1
387 299 1
387 368 1
387 474 1
387 476 1
388 55 1
388 152 1
388 289 1
388 324 1
388 455 1
388 471 1
389 17 1
389 28 1
389 349 1
389 350 1
389 466 1
389 486 1
389 509 1
390 124 1
390 261 1
391 239 1
391 296 1
391 409 1
392 97 1
392 299 1
392 323 1
392 363 1
392 411 1
392 497 1
393 22 1
393 31 1
393 46 1
393 64 1
393 82 1
393 302 1
394 309 1
394 320 1
394 335 1
394 464 1
394 526 1
395 197 1
395 211 1
395 270 1
395 355 1
396 5 1
396 95 1
396 162 1
396 207 1
396 213 1
396 266 1
396 273 1
396 300 1
396 461 1
397 227 1
397 323 1
397 327 1
397 348 1
397 373 1
397 479 1
398 224 1
398 263 1
398 331 1
399 16 1
399 27 1
399 37 1
399 117 1
399 137 1
399 347 1
400 14 1
400 145 1
400 149 1
401 6 1
401 90 1
401 142 1
401 218 1
401 443 1
402 26 1
402 167 1
402 184 1
403 20 1
403 194 1
403 313 1
403 322 1
403 428 1
403 434 1
404 124 1
404 133 1
404 142 1
404 364 1
404 453 1
404 530 1
405 295 1
406 107 1
406 259 1
406 287 1
406 389 1
406 396 1
407 52 1
407 236 1
407 313 1
407 522 1
408 149 1
408 425 1
408 530 1
409 12 1
409 61 1
409 86 1
409 241 1
409 246 1
410 2 1
410 257 1
410 513 1
410 532 1
411 103 1
411 116 1
411 225 1
411 469 1
411 491 1
412 84 1
412 183 1
412 201 1
412 399 1
413 125 1
413 135 1
413 163 1
413 235 1
413 261 1
413 453 1
414 84 1
414 179 1
414 224 1
414 314 1
414 412 1
415 72 1
415 337 1
415 359 1
415 472 1
415 530 1
415 533 1
416 58 1
416 176 1
416 274 1
416 410 1
417 31 1
417 164 1
417 196 1
417 244 1
417 246 1
417 466 1
418 104 1
418 207 1
419 410 1
419 461 1
420 104 1
420 121 1
420 173 1
420 178 1
420 203 1
420 221 1
420 344 1
420 428 1
421 148 1
421 167 1
421 413 1
421 426 1
422 205 1
422 272 1
422 297 1
422 436 1
422 459 1
423 24 1
423 321 1
423 443 1
424 102 1
424 191 1
424 366 1
424 445 1
425 31 1
425 57 1
425 280 1
425 288 1
425 333 1
425 422 1
425 431 1
426 172 1
426 199 1
426 302 1
426 388 1
427 65 1
427 210 1
427 334 1
427 450 1
428 13 1
428 18 1
428 121 1
428 229 1
428 236 1
429 56 1
429 65 1
429 170 1
429 240 1
429 490 1
430 285 1
430 509 1
431 27 1
431 49 1
431 328 1
431 332 1
431 424 1
432 197 1
432 254 1
432 316 1
432 439 1
433 21 1
433 147 1
433 170 1
433 267 1
433 283 1
433 315 1
433 363 1
433 378 1
433 422 1
433 528 1
434 74 1
434 394 1
434 459 1
434 518 1
435 482 1
436 8 1
436 16 1
436 46 1
436 110 1
436 408 1
436 414 1
436 438 1
437 11 1
437 42 1
437 94 1
437 136 1
437 160 1
437 274 1
437 371 1
437 425 1
437 479 1
437 482 1
438 243 1
438 447 1
438 451 1
438 493 1
438 527 1
439 41 1
439 209 1
439 245 1
439 457 1
440 134 1
440 264 1
441 145 1
441 220 1
441 238 1
441 386 1
441 387 1
441 436 1
442 141 1
442 346 1
442 386 1
442 458 1
442 493 1
443 13 1
443 19 1
443 54 1
443 277 1
443 479 1
443 491 1
444 123 1
444 253 1
444 526 1
445 17 1
445 69 1
445 76 1
445 269 1
445 287 1
445 431 1
446 109 1
446 179 1
446 181 1
446 316 1
446 330 1
446 485 1
447 125 1
447 157 1
447 384 1
447 482 1
448 50 1
448 246 1
448 315 1
448 365 1
448 501 1
449 235 1
449 237 1
449 266 1
449 323 1
450 136 1
450 332 1
450 380 1
451 284 1
451 342 1
452 77 1
452 186 1
452 351 1
453 8 1
453 40 1
453 175 1
453 308 1
453 424 1
454 90 1
454 203 1
454 379 1
454 399 1
454 433 1
455 29 1
455 135 1
455 272 1
455 381 1
455 391 1
455 459 1
456 63 1
456 200 1
456 311 1
456 428 1
456 443 1
456 496 1
457 11 1
457 58 1
457 237 1
457 317 1
457 446 1
458 24 1
458 62 1
458 409 1
458 453 1
459 66 1
459 377 1
459 393 1
460 53 1
460 171 1
460 213 1
460 259 1
460 301 1
460 415 1
460 498 1
461 43 1
461 56 1
461 128 1
461 258 1
461 340 1
462 90 1
462 281 1
463 188 1
463 295 1
463 338 1
464 26 1
464 36 1
464 54 1
464 80 1
464 361 1
464 470 1
465 31 1
465 175 1
465 193 1
465 272 1
465 313 1
465 389 1
465 468 1
465 474 1
466 58 1
466 63 1
466 162 1
466 200 1
466 322 1
466 361 1
467 43 1
467 160 1
467 240 1
467 426 1
468 21 1
468 197 1
468 198 1
468 350 1
469 96 1
469 371 1
469 414 1
469 454 1
469 484 1
470 42 1
470 285 1
470 286 1
470 497 1
471 55 1
471 57 1
471 101 1
471 103 1
471 209 1
471 218 1
471 314 1
471 370 1
471 374 1
472 166 1
472 331 1
472 485 1
473 264 1
473 302 1
473 379 1
474 73 1
474 92 1
474 155 1
474 175 1
474 277 1
474 361 1
474 499 1
475 316 1
475 348 1
475 497 1
476 51 1
476 109 1
476 117 1
476 144 1
476 470 1
476 510 1
477 68 1
477 189 1
477 350 1
477 417 1
478 83 1
478 219 1
478 355 1
479 66 1
479 120 1
479 206 1
479 284 1
479 358 1
479 407 1
479 417 1
480 70 1
480 188 1
481 45 1
481 74 1
481 141 1
481 170 1
481 245 1
481 427 1
481 511 1
482 1 1
482 18 1
482 44 1
482 50 1
482 202 1
482 263 1
482 309 1
482 322 1
482 394 1
482 487 1
482 524 1
483 126 1
483 135 1
483 189 1
484 141 1
484 293 1
484 308 1
484 313 1
484 360 1
484 407 1
484 414 1
485 42 1
485 51 1
485 83 1
485 247 1
485 255 1
485 282 1
485 286 1
485 306 1
485 364 1
485 431 1
486 68 1
486 140 1
486 172 1
486 221 1
486 320 1
487 32 1
487 219 1
487 300 1
487 376 1
488 120 1
489 172 1
489 178 1
489 213 1
489 433 1
489 471 1
489 507 1
489 515 1
490 6 1
490 36 1
490 188 1
490 348 1
490 433 1
490 485 1
490 496 1
491 16 1
491 146 1
491 160 1
491 317 1
491 493 1
491 515 1
491 518 1
491 528 1
492 339 1
493 35 1
493 89 1
493 191 1
493 356 1
493 369 1
493 401 1
493 494 1
493 530 1
494 9 1
494 112 1
494 393 1
494 456 1
495 99 1
495 197 1
495 223 1
495 375 1
495 461 1
495 515 1
496 25 1
496 139 1
496 342 1
496 432 1
496 465 1
496 471 1
497 15 1
497 117 1
497 219 1
497 224 1
497 347 1
497 424 1
497 495 1
497 499 1
497 513 1
497 531 1
498 78 1
498 422 1
499 65 1
499 90 1
499 427 1
500 6 1
500 490 1
501 43 1
501 258 1
501 291 1
501 388 1
501 443 1
501 526 1
502 113 1
502 116 1
502 343 1
503 82 1
503 176 1
503 207 1
503 387 1
503 450 1
504 69 1
504 368 1
504 501 1
505 70 1
505 189 1
505 260 1
505 398 1
506 51 1
506 105 1
506 199 1
506 256 1
506 375 1
507 80 1
507 269 1
507 471 1
507 511 1
508 34 1
508 47 1
508 110 1
508 320 1
508 326 1
508 441 1
508 501 1
509 94 1
509 112 1
509 285 1
509 311 1
509 432 1
510 53 1
510 198 1
510 295 1
510 397 1
511 12 1
511 19 1
511 45 1
511 387 1
511 425 1
511 499 1
512 79 1
512 159 1
512 325 1
512 483 1
513 44 1
513 54 1
513 237 1
513 532 1
514 152 1
514 272 1
514 320 1
514 350 1
514 382 1
515 44 1
515 55 1
515 65 1
515 181 1
515 436 1
515 528 1
516 120 1
516 136 1
516 368 1
516 522 1
516 528 1
517 82 1
517 240 1
517 416 1
518 135 1
518 138 1
518 186 1
518 278 1
518 396 1
518 471 1
518 515 1
519 23 1
519 117 1
520 92 1
520 222 1
520 430 1
520 528 1
521 50 1
521 194 1
522 176 1
522 186 1
522 257 1
522 368 1
523 101 1
523 153 1
523 414 1
523 507 1
524 7 1
524 160 1
524 337 1
524 412 1
524 458 1
524 497 1
525 223 1
525 477 1
525 527 1
526 2 1
526 17 1
526 27 1
526 101 1
526 259 1
526 518 1
527 108 1
527 158 1
527 320 1
527 503 1
528 94 1
528 106 1
528 169 1
528 182 1
528 278 1
528 316 1
528 319 1
528 322 1
528 437 1
529 124 1
529 225 1
529 386 1
529 394 1
529 416 1
530 27 1
530 250 1
530 366 1
530 372 1
530 397 1
530 437 1
530 485 1
530 505 1
531 259 1
531 305 1
531 442 1
532 35 1
532 52 1
532 126 1
532 248 1
532 268 1
532 347 1
532 363 1
532 441 1
532 482 1
533 81 1
533 327 1
