vi vj e
0 345 1
0 620 1
0 628 1
0 682 1
0 747 1
1 277 1
1 385 1
1 408 1
1 719 1
1 725 1
2 9 1
2 140 1
2 328 1
2 487 1
2 554 1
2 562 1
2 578 1
2 693 1
2 721 1
3 349 1
3 387 1
3 765 1
4 20 1
4 317 1
4 366 1
4 373 1
4 807 1
5 90 1
5 118 1
5 183 1
5 334 1
5 619 1
5 633 1
6 38 1
6 85 1
6 324 1
6 376 1
6 548 1
6 677 1
6 782 1
6 816 1
7 163 1
7 217 1
7 389 1
7 443 1
7 635 1
8 224 1
8 242 1
8 329 1
8 431 1
8 585 1
8 684 1
8 816 1
8 818 1
9 14 1
9 116 1
9 144 1
9 195 1
9 366 1
10 119 1
10 175 1
10 370 1
10 474 1
10 525 1
10 700 1
10 748 1
10 794 1
10 810 1
11 2 1
11 147 1
11 195 1
11 196 1
11 320 1
11 489 1
11 493 1
11 522 1
11 547 1
11 658 1
11 738 1
12 49 1
12 198 1
12 294 1
12 402 1
12 408 1
12 553 1
12 711 1
12 809 1
13 8 1
13 63 1
13 206 1
13 386 1
13 487 1
13 680 1
13 719 1
13 777 1
13 815 1
14 21 1
14 309 1
14 403 1
14 554 1
14 715 1
14 769 1
14 804 1
15 90 1
15 131 1
15 246 1
15 250 1
15 282 1
15 364 1
15 596 1
16 27 1
16 152 1
16 317 1
16 407 1
16 433 1
16 472 1
17 163 1
17 266 1
17 496 1
17 497 1
17 592 1
17 777 1
18 46 1
18 145 1
18 159 1
18 421 1
19 87 1
19 93 1
19 103 1
19 241 1
19 258 1
19 314 1
19 335 1
19 391 1
19 531 1
19 589 1
19 614 1
19 771 1
20 63 1
20 140 1
20 260 1
20 324 1
20 325 1
20 330 1
20 331 1
20 552 1
21 63 1
21 88 1
21 140 1
21 344 1
21 459 1
21 513 1
21 620 1
21 784 1
22 14 1
22 135 1
22 221 1
22 500 1
22 582 1
22 584 1
22 689 1
22 712 1
23 69 1
23 93 1
23 165 1
23 319 1
23 558 1
24 279 1
24 694 1
24 772 1
25 17 1
25 46 1
25 119 1
25 269 1
25 282 1
25 401 1
25 587 1
25 805 1
26 111 1
26 141 1
26 640 1
26 664 1
27 81 1
27 584 1
27 622 1
27 715 1
27 782 1
27 813 1
28 239 1
28 246 1
28 322 1
28 327 1
28 333 1
28 390 1
28 539 1
28 608 1
28 802 1
29 8 1
29 77 1
29 125 1
29 179 1
29 456 1
29 519 1
29 632 1
29 708 1
30 134 1
30 136 1
30 155 1
30 166 1
30 341 1
30 419 1
30 481 1
30 793 1
31 155 1
31 514 1
31 557 1
31 708 1
31 784 1
32 139 1
32 234 1
32 392 1
32 410 1
32 449 1
32 712 1
32 740 1
33 44 1
33 102 1
33 320 1
33 453 1
33 483 1
33 680 1
33 743 1
34 60 1
34 63 1
34 118 1
34 167 1
34 202 1
34 213 1
34 286 1
34 288 1
34 289 1
34 320 1
34 390 1
34 563 1
34 597 1
34 786 1
35 92 1
35 131 1
35 174 1
35 240 1
35 410 1
35 694 1
35 719 1
35 724 1
35 772 1
36 66 1
36 119 1
36 149 1
36 443 1
36 458 1
36 462 1
36 549 1
36 564 1
36 643 1
36 695 1
37 130 1
37 182 1
37 216 1
37 474 1
37 683 1
37 686 1
37 700 1
37 797 1
38 54 1
38 161 1
38 194 1
38 286 1
38 371 1
38 451 1
38 459 1
38 621 1
38 777 1
38 798 1
39 152 1
39 192 1
39 365 1
39 422 1
39 483 1
39 603 1
39 710 1
39 816 1
40 77 1
40 327 1
40 357 1
40 702 1
40 817 1
41 10 1
41 315 1
41 345 1
41 513 1
41 615 1
41 641 1
41 761 1
41 802 1
42 99 1
42 118 1
42 226 1
42 243 1
42 549 1
43 114 1
43 186 1
43 238 1
43 278 1
43 291 1
43 588 1
43 601 1
44 144 1
44 291 1
44 293 1
44 369 1
44 413 1
44 738 1
45 153 1
45 207 1
45 376 1
45 597 1
45 676 1
45 750 1
45 766 1
46 223 1
46 298 1
46 377 1
46 402 1
46 773 1
47 119 1
47 156 1
47 162 1
47 171 1
47 331 1
47 413 1
47 527 1
47 685 1
47 725 1
47 747 1
48 198 1
49 65 1
49 145 1
49 228 1
49 243 1
49 284 1
49 388 1
49 569 1
49 795 1
50 11 1
50 60 1
50 63 1
50 155 1
50 415 1
50 451 1
50 462 1
50 585 1
50 795 1
51 234 1
51 295 1
51 348 1
51 358 1
51 400 1
51 422 1
51 445 1
51 543 1
51 654 1
51 738 1
52 21 1
52 241 1
52 337 1
52 503 1
52 810 1
53 137 1
53 272 1
53 299 1
53 373 1
53 535 1
53 582 1
53 613 1
53 709 1
54 62 1
54 225 1
54 257 1
54 289 1
54 350 1
54 364 1
54 435 1
54 469 1
54 564 1
55 367 1
55 549 1
56 111 1
56 196 1
56 744 1
57 3 1
57 125 1
57 128 1
57 163 1
57 185 1
57 201 1
58 68 1
58 520 1
58 662 1
58 686 1
59 13 1
59 279 1
59 301 1
59 522 1
59 751 1
60 396 1
60 408 1
60 413 1
60 530 1
60 532 1
60 536 1
60 619 1
60 724 1
61 183 1
61 195 1
61 258 1
61 405 1
61 492 1
61 605 1
61 786 1
61 808 1
62 166 1
62 180 1
62 199 1
62 358 1
62 420 1
62 667 1
62 725 1
63 72 1
63 76 1
63 139 1
63 230 1
63 254 1
63 318 1
63 332 1
63 363 1
63 377 1
63 606 1
63 644 1
63 796 1
64 335 1
64 361 1
64 446 1
64 496 1
64 559 1
64 566 1
65 233 1
65 306 1
65 374 1
65 402 1
65 567 1
65 577 1
65 711 1
65 791 1
66 86 1
66 151 1
66 207 1
66 299 1
66 403 1
66 671 1
66 691 1
67 125 1
67 199 1
67 222 1
67 553 1
68 101 1
68 253 1
68 307 1
68 467 1
68 486 1
68 585 1
68 745 1
68 782 1
68 809 1
69 241 1
69 377 1
69 392 1
70 94 1
70 114 1
70 261 1
70 487 1
70 689 1
71 130 1
71 166 1
71 259 1
71 494 1
71 521 1
71 529 1
71 757 1
71 802 1
72 273 1
72 341 1
72 591 1
72 725 1
72 737 1
72 808 1
73 2 1
73 34 1
73 428 1
73 599 1
73 702 1
73 769 1
74 4 1
74 113 1
74 125 1
74 378 1
74 400 1
74 473 1
74 528 1
74 565 1
74 749 1
74 775 1
75 36 1
75 370 1
75 376 1
75 593 1
75 762 1
76 202 1
76 451 1
76 474 1
76 637 1
77 51 1
77 58 1
77 113 1
77 234 1
77 466 1
77 687 1
78 61 1
78 163 1
78 191 1
78 205 1
78 244 1
78 268 1
78 358 1
78 363 1
78 376 1
79 272 1
79 601 1
79 626 1
79 696 1
79 794 1
79 800 1
80 61 1
80 67 1
80 203 1
80 304 1
80 374 1
80 563 1
80 730 1
81 32 1
81 125 1
81 146 1
81 162 1
81 339 1
81 479 1
81 563 1
81 642 1
81 674 1
81 746 1
81 766 1
82 1 1
82 19 1
82 36 1
82 508 1
82 565 1
82 784 1
83 227 1
83 470 1
83 744 1
83 773 1
83 799 1
84 315 1
84 384 1
84 560 1
84 574 1
84 640 1
85 19 1
85 68 1
85 92 1
85 207 1
85 220 1
85 267 1
85 271 1
85 346 1
85 377 1
85 493 1
85 716 1
85 733 1
86 147 1
86 206 1
86 386 1
86 533 1
86 596 1
87 13 1
87 201 1
87 242 1
87 419 1
87 462 1
87 497 1
87 520 1
87 758 1
87 781 1
88 54 1
88 120 1
88 325 1
88 575 1
88 746 1
88 755 1
89 432 1
89 525 1
89 703 1
89 801 1
90 22 1
90 40 1
90 176 1
90 281 1
90 570 1
90 571 1
90 690 1
90 760 1
91 107 1
91 329 1
91 776 1
91 807 1
92 38 1
92 53 1
92 126 1
92 213 1
92 425 1
92 438 1
92 563 1
92 628 1
92 753 1
93 8 1
93 64 1
93 227 1
93 351 1
93 405 1
93 546 1
93 637 1
93 700 1
93 746 1
93 793 1
94 177 1
94 237 1
94 319 1
94 349 1
94 433 1
94 536 1
94 645 1
94 646 1
94 803 1
95 108 1
95 175 1
95 180 1
95 406 1
95 490 1
95 522 1
95 686 1
95 702 1
96 47 1
96 297 1
96 367 1
96 610 1
96 639 1
96 666 1
96 760 1
97 137 1
97 564 1
98 304 1
98 606 1
99 224 1
99 486 1
99 502 1
99 504 1
99 577 1
99 692 1
99 777 1
100 416 1
101 43 1
101 89 1
101 202 1
101 235 1
101 294 1
101 381 1
101 446 1
101 532 1
101 578 1
101 652 1
101 665 1
102 68 1
102 142 1
102 313 1
102 469 1
102 514 1
102 554 1
102 576 1
102 711 1
103 28 1
103 63 1
103 113 1
103 495 1
103 586 1
103 664 1
104 50 1
104 151 1
104 174 1
104 211 1
104 237 1
104 344 1
104 683 1
105 155 1
105 183 1
105 235 1
105 578 1
106 305 1
106 351 1
106 387 1
106 562 1
107 12 1
107 154 1
107 171 1
107 195 1
107 294 1
107 589 1
107 754 1
108 228 1
108 237 1
108 242 1
108 519 1
108 530 1
108 661 1
108 785 1
109 30 1
109 125 1
109 775 1
109 786 1
109 799 1
110 32 1
110 154 1
110 157 1
110 280 1
110 357 1
110 485 1
111 41 1
111 115 1
111 225 1
111 256 1
111 411 1
111 419 1
111 502 1
111 585 1
111 594 1
111 641 1
111 693 1
111 816 1
112 78 1
112 345 1
112 472 1
112 529 1
112 548 1
112 629 1
112 647 1
113 24 1
113 101 1
113 112 1
113 123 1
113 271 1
113 335 1
113 499 1
113 503 1
113 693 1
113 708 1
113 742 1
114 2 1
114 62 1
114 112 1
114 141 1
114 295 1
114 431 1
114 445 1
114 516 1
115 245 1
115 347 1
115 465 1
115 482 1
115 718 1
116 75 1
116 79 1
116 109 1
116 205 1
116 335 1
116 410 1
116 570 1
117 264 1
117 420 1
117 619 1
117 632 1
117 742 1
117 758 1
117 768 1
117 786 1
118 121 1
118 129 1
118 146 1
118 172 1
118 252 1
118 371 1
118 579 1
118 581 1
118 699 1
118 720 1
118 815 1
119 94 1
119 122 1
119 225 1
119 247 1
119 307 1
119 349 1
119 515 1
119 531 1
119 563 1
119 702 1
119 807 1
120 338 1
120 379 1
120 432 1
120 655 1
120 671 1
121 39 1
121 95 1
121 394 1
121 409 1
121 480 1
121 630 1
121 691 1
122 34 1
122 180 1
122 260 1
122 576 1
122 595 1
122 674 1
123 28 1
123 71 1
123 201 1
123 211 1
123 277 1
123 295 1
123 522 1
123 541 1
123 624 1
123 752 1
124 192 1
124 198 1
124 525 1
124 575 1
124 703 1
124 760 1
125 36 1
125 42 1
125 44 1
125 158 1
125 205 1
125 297 1
125 363 1
125 433 1
125 565 1
125 578 1
125 621 1
125 629 1
125 771 1
126 418 1
126 506 1
126 548 1
126 558 1
126 674 1
127 159 1
127 429 1
127 522 1
127 551 1
127 790 1
128 13 1
128 31 1
128 46 1
128 123 1
128 234 1
128 368 1
128 750 1
129 25 1
129 51 1
129 101 1
129 128 1
129 246 1
129 421 1
129 687 1
129 716 1
130 134 1
130 135 1
130 318 1
130 659 1
130 775 1
130 808 1
131 205 1
131 469 1
131 631 1
131 694 1
131 743 1
132 50 1
132 195 1
132 253 1
132 339 1
132 512 1
132 683 1
132 706 1
132 768 1
132 784 1
133 76 1
133 103 1
133 140 1
133 210 1
133 340 1
133 415 1
133 458 1
133 555 1
133 579 1
134 97 1
134 105 1
134 325 1
134 510 1
134 514 1
134 521 1
134 641 1
135 148 1
135 182 1
135 196 1
135 235 1
135 310 1
135 337 1
135 455 1
135 498 1
135 578 1
135 645 1
135 718 1
135 752 1
135 777 1
136 196 1
136 397 1
136 404 1
136 437 1
136 463 1
136 482 1
136 551 1
136 556 1
137 94 1
137 235 1
137 388 1
137 412 1
137 578 1
137 619 1
137 724 1
138 196 1
138 269 1
138 356 1
138 369 1
138 505 1
138 723 1
138 725 1
139 86 1
139 303 1
139 568 1
139 718 1
139 732 1
139 753 1
139 759 1
140 38 1
140 60 1
140 149 1
140 260 1
140 266 1
140 321 1
140 381 1
140 389 1
140 429 1
140 504 1
140 644 1
140 657 1
140 713 1
140 741 1
140 742 1
141 53 1
141 72 1
141 158 1
141 448 1
141 466 1
141 507 1
141 511 1
141 595 1
141 611 1
141 661 1
141 715 1
141 814 1
142 35 1
142 51 1
142 135 1
142 793 1
143 228 1
143 423 1
143 640 1
143 708 1
143 731 1
143 736 1
144 28 1
144 162 1
144 234 1
144 497 1
144 586 1
144 653 1
144 715 1
144 757 1
145 5 1
145 287 1
145 375 1
145 436 1
145 501 1
145 523 1
145 733 1
145 769 1
146 44 1
146 188 1
146 231 1
146 421 1
146 556 1
146 658 1
146 660 1
146 687 1
147 29 1
147 115 1
147 163 1
147 450 1
147 656 1
147 749 1
148 22 1
148 41 1
148 44 1
148 105 1
148 140 1
148 309 1
148 517 1
148 625 1
148 637 1
148 749 1
149 173 1
149 204 1
149 296 1
149 484 1
149 629 1
150 237 1
150 423 1
150 426 1
150 664 1
150 721 1
150 779 1
151 6 1
151 283 1
151 286 1
151 319 1
151 349 1
151 369 1
151 401 1
151 531 1
151 695 1
151 746 1
151 790 1
152 452 1
152 523 1
152 781 1
153 389 1
153 393 1
153 810 1
154 29 1
154 311 1
154 312 1
154 318 1
154 401 1
154 404 1
154 475 1
154 793 1
155 6 1
155 22 1
155 71 1
155 133 1
155 371 1
155 377 1
155 640 1
155 779 1
156 56 1
156 326 1
156 395 1
156 504 1
156 619 1
156 626 1
157 10 1
157 16 1
157 137 1
157 284 1
157 817 1
158 206 1
158 450 1
158 504 1
158 538 1
158 627 1
158 738 1
158 780 1
158 792 1
158 805 1
159 201 1
159 256 1
159 325 1
159 340 1
159 525 1
159 602 1
159 686 1
159 773 1
159 817 1
160 139 1
160 315 1
160 349 1
160 479 1
160 717 1
160 774 1
160 778 1
161 24 1
161 411 1
161 635 1
162 22 1
162 70 1
162 95 1
162 130 1
162 140 1
162 167 1
162 217 1
162 290 1
162 587 1
162 595 1
162 641 1
162 663 1
162 664 1
163 14 1
163 80 1
163 104 1
163 203 1
163 212 1
163 257 1
163 258 1
163 397 1
163 573 1
163 587 1
163 648 1
164 84 1
164 93 1
164 184 1
164 409 1
164 488 1
165 13 1
165 148 1
165 188 1
165 277 1
165 395 1
165 699 1
165 734 1
166 29 1
166 170 1
166 178 1
166 230 1
166 246 1
166 258 1
166 451 1
166 682 1
167 38 1
167 312 1
167 454 1
167 682 1
167 768 1
167 788 1
168 344 1
168 583 1
168 603 1
168 698 1
169 231 1
169 354 1
169 407 1
169 450 1
169 603 1
169 662 1
169 689 1
170 28 1
170 482 1
170 713 1
171 162 1
171 475 1
171 650 1
171 734 1
171 759 1
171 806 1
171 814 1
172 58 1
172 363 1
172 431 1
172 768 1
173 47 1
173 130 1
173 576 1
173 656 1
173 666 1
173 695 1
174 162 1
174 274 1
174 397 1
174 588 1
174 625 1
174 636 1
174 661 1
174 687 1
175 13 1
175 49 1
175 231 1
175 275 1
175 353 1
175 383 1
175 467 1
175 651 1
175 818 1
176 8 1
176 385 1
176 433 1
176 508 1
176 521 1
176 603 1
176 653 1
176 699 1
176 803 1
177 384 1
177 492 1
177 598 1
177 611 1
177 797 1
178 384 1
178 512 1
178 548 1
178 606 1
178 717 1
178 816 1
179 167 1
179 265 1
179 332 1
179 532 1
179 597 1
179 624 1
179 700 1
179 735 1
180 32 1
180 59 1
180 198 1
180 213 1
180 299 1
180 372 1
180 504 1
180 632 1
180 730 1
180 747 1
181 399 1
181 417 1
181 572 1
181 645 1
181 785 1
181 786 1
182 73 1
182 139 1
182 210 1
182 270 1
182 281 1
182 350 1
182 375 1
182 378 1
182 427 1
182 535 1
182 684 1
183 148 1
183 218 1
183 369 1
183 389 1
183 498 1
183 595 1
183 626 1
183 657 1
184 204 1
184 769 1
184 777 1
185 119 1
185 202 1
185 283 1
185 345 1
185 390 1
185 481 1
185 656 1
185 777 1
186 51 1
186 133 1
186 164 1
186 173 1
186 241 1
186 433 1
186 437 1
186 581 1
186 619 1
186 664 1
186 699 1
187 63 1
187 190 1
187 245 1
187 461 1
187 580 1
187 797 1
188 23 1
188 288 1
188 336 1
188 358 1
188 426 1
188 457 1
188 489 1
188 643 1
188 672 1
188 697 1
188 760 1
189 521 1
190 246 1
190 367 1
190 442 1
190 599 1
190 739 1
191 156 1
191 364 1
191 376 1
191 590 1
191 643 1
191 741 1
191 746 1
192 172 1
192 182 1
192 232 1
192 304 1
192 471 1
192 578 1
193 247 1
193 748 1
194 96 1
194 417 1
194 594 1
194 631 1
195 87 1
195 114 1
195 141 1
195 211 1
195 347 1
195 624 1
195 629 1
195 646 1
195 670 1
195 672 1
195 754 1
195 800 1
196 35 1
196 78 1
196 178 1
196 256 1
196 261 1
196 397 1
196 649 1
196 671 1
196 716 1
196 810 1
197 77 1
197 80 1
197 206 1
197 497 1
197 752 1
197 791 1
198 66 1
198 169 1
198 340 1
198 341 1
198 352 1
198 374 1
198 527 1
198 578 1
198 623 1
198 705 1
199 202 1
199 206 1
199 252 1
199 307 1
199 340 1
199 463 1
199 580 1
199 660 1
199 669 1
200 47 1
200 304 1
200 344 1
200 404 1
200 514 1
200 697 1
200 805 1
201 31 1
201 65 1
201 175 1
201 304 1
201 413 1
201 445 1
201 510 1
201 557 1
201 621 1
201 624 1
201 711 1
201 793 1
202 25 1
202 49 1
202 176 1
202 227 1
202 271 1
202 302 1
202 331 1
202 364 1
202 369 1
202 509 1
202 513 1
202 546 1
202 676 1
202 749 1
203 33 1
203 81 1
203 215 1
203 257 1
203 323 1
203 328 1
203 561 1
203 690 1
203 723 1
204 188 1
204 224 1
204 329 1
204 813 1
205 85 1
205 111 1
205 190 1
205 534 1
205 601 1
205 692 1
205 758 1
206 20 1
206 47 1
206 88 1
206 286 1
206 302 1
206 349 1
206 388 1
206 533 1
206 658 1
206 662 1
206 813 1
207 29 1
207 123 1
207 176 1
207 275 1
207 335 1
207 465 1
207 513 1
207 540 1
208 206 1
208 228 1
208 254 1
208 704 1
208 799 1
209 94 1
209 185 1
209 226 1
209 539 1
209 609 1
210 171 1
210 315 1
210 367 1
210 810 1
211 375 1
211 397 1
211 517 1
211 631 1
211 674 1
211 761 1
211 819 1
212 78 1
212 115 1
212 547 1
212 766 1
212 772 1
213 28 1
213 134 1
213 174 1
213 200 1
213 275 1
213 340 1
213 381 1
213 479 1
213 503 1
214 460 1
214 532 1
214 595 1
214 713 1
215 101 1
215 162 1
215 207 1
215 340 1
215 382 1
215 722 1
215 767 1
215 819 1
216 21 1
216 65 1
216 113 1
216 330 1
216 363 1
216 374 1
216 513 1
216 748 1
217 55 1
217 176 1
217 288 1
217 491 1
217 586 1
217 656 1
217 711 1
217 719 1
218 123 1
218 201 1
218 205 1
218 399 1
218 404 1
218 774 1
218 784 1
218 788 1
219 30 1
219 42 1
219 245 1
219 254 1
219 358 1
219 656 1
219 671 1
219 691 1
220 183 1
220 256 1
220 359 1
220 531 1
220 547 1
220 776 1
220 782 1
220 799 1
221 253 1
221 444 1
221 480 1
221 547 1
221 665 1
222 439 1
222 455 1
222 473 1
222 810 1
223 258 1
223 285 1
223 299 1
223 393 1
223 661 1
223 788 1
224 317 1
224 376 1
224 467 1
224 511 1
224 554 1
224 640 1
224 763 1
225 34 1
225 101 1
225 118 1
225 398 1
225 455 1
225 507 1
225 603 1
225 612 1
225 729 1
226 88 1
226 252 1
226 279 1
226 572 1
226 738 1
226 797 1
227 17 1
227 134 1
227 142 1
227 356 1
227 679 1
227 739 1
227 761 1
227 804 1
228 37 1
228 116 1
228 162 1
228 289 1
228 318 1
228 474 1
228 808 1
229 33 1
229 148 1
229 187 1
229 276 1
229 351 1
229 352 1
229 366 1
229 608 1
229 647 1
229 699 1
230 30 1
230 104 1
230 232 1
230 277 1
230 282 1
230 403 1
230 436 1
231 71 1
231 311 1
231 449 1
231 714 1
232 45 1
232 190 1
232 198 1
232 786 1
233 136 1
233 181 1
233 332 1
233 372 1
233 764 1
233 818 1
234 38 1
234 125 1
234 223 1
234 329 1
234 381 1
234 532 1
234 580 1
234 634 1
234 661 1
234 685 1
234 817 1
235 65 1
235 163 1
235 218 1
235 229 1
235 241 1
235 297 1
235 325 1
235 383 1
235 386 1
235 515 1
235 519 1
235 698 1
236 37 1
236 597 1
236 615 1
237 2 1
237 87 1
237 149 1
237 218 1
237 609 1
237 803 1
238 50 1
238 536 1
238 586 1
238 594 1
238 647 1
238 691 1
238 793 1
239 314 1
239 441 1
239 780 1
240 112 1
240 453 1
240 556 1
240 813 1
241 305 1
241 440 1
241 470 1
241 471 1
241 514 1
241 564 1
241 615 1
241 637 1
241 796 1
242 39 1
242 95 1
242 124 1
242 165 1
242 299 1
242 341 1
242 365 1
242 482 1
243 80 1
243 362 1
243 418 1
243 436 1
243 444 1
243 727 1
244 247 1
244 336 1
244 412 1
244 451 1
244 461 1
244 534 1
244 660 1
244 811 1
245 119 1
245 311 1
245 325 1
245 488 1
245 615 1
245 734 1
246 73 1
246 122 1
246 215 1
246 440 1
246 587 1
246 707 1
246 785 1
247 73 1
247 80 1
247 379 1
247 457 1
247 494 1
247 551 1
247 571 1
247 724 1
248 284 1
248 489 1
248 566 1
248 675 1
249 16 1
249 405 1
249 608 1
249 798 1
250 356 1
250 365 1
251 144 1
251 544 1
251 672 1
252 13 1
252 160 1
252 161 1
252 198 1
252 275 1
252 280 1
252 426 1
252 447 1
252 674 1
253 74 1
253 197 1
253 271 1
253 315 1
253 444 1
253 662 1
253 724 1
253 779 1
254 18 1
254 117 1
254 202 1
254 234 1
254 265 1
254 281 1
254 659 1
254 729 1
254 779 1
255 25 1
255 57 1
255 78 1
255 430 1
255 509 1
255 706 1
255 785 1
256 33 1
256 81 1
256 126 1
256 160 1
256 299 1
256 337 1
256 358 1
256 416 1
256 441 1
256 546 1
256 591 1
256 651 1
257 30 1
257 191 1
257 236 1
257 270 1
257 306 1
257 391 1
257 431 1
257 457 1
257 536 1
257 613 1
258 352 1
258 430 1
258 452 1
258 459 1
258 524 1
258 600 1
258 622 1
259 22 1
259 81 1
259 464 1
259 551 1
259 567 1
259 738 1
260 34 1
260 49 1
260 267 1
260 379 1
260 508 1
260 675 1
260 730 1
260 743 1
260 762 1
261 76 1
261 119 1
261 358 1
261 519 1
261 645 1
262 175 1
262 288 1
262 321 1
262 624 1
262 722 1
262 748 1
263 92 1
263 237 1
263 797 1
264 33 1
264 113 1
264 160 1
264 382 1
264 396 1
264 639 1
265 36 1
265 243 1
265 276 1
265 437 1
265 481 1
265 692 1
265 760 1
265 793 1
266 0 1
266 181 1
266 498 1
266 537 1
266 549 1
266 603 1
266 622 1
266 632 1
266 741 1
267 254 1
267 417 1
267 424 1
267 632 1
267 688 1
267 723 1
267 759 1
268 116 1
268 200 1
268 215 1
268 674 1
269 241 1
269 268 1
270 287 1
270 378 1
270 405 1
270 434 1
270 476 1
270 639 1
271 79 1
271 190 1
271 368 1
271 429 1
271 648 1
271 767 1
272 80 1
272 95 1
272 230 1
272 255 1
272 342 1
272 467 1
272 542 1
272 561 1
272 708 1
272 760 1
273 42 1
273 64 1
273 364 1
273 776 1
274 10 1
274 223 1
274 258 1
274 275 1
274 503 1
274 582 1
274 755 1
274 779 1
274 783 1
275 96 1
275 132 1
275 182 1
275 231 1
275 385 1
275 540 1
275 609 1
275 616 1
275 636 1
275 691 1
276 34 1
276 247 1
276 275 1
276 295 1
276 353 1
276 448 1
277 114 1
277 134 1
277 224 1
277 268 1
277 316 1
277 362 1
277 614 1
277 754 1
278 10 1
278 18 1
278 414 1
278 439 1
279 0 1
279 86 1
279 232 1
279 355 1
280 148 1
280 358 1
280 557 1
280 581 1
280 589 1
280 668 1
280 697 1
280 719 1
281 35 1
281 224 1
281 444 1
281 591 1
281 654 1
281 660 1
281 666 1
281 736 1
282 106 1
282 314 1
282 339 1
282 373 1
282 427 1
282 524 1
282 802 1
283 62 1
283 120 1
283 139 1
283 256 1
283 329 1
283 485 1
283 526 1
283 527 1
283 554 1
284 87 1
284 525 1
284 591 1
284 639 1
284 669 1
284 787 1
284 800 1
284 817 1
285 44 1
285 50 1
285 66 1
285 352 1
285 520 1
286 64 1
286 227 1
286 450 1
286 491 1
286 749 1
287 19 1
287 49 1
287 127 1
287 279 1
287 527 1
287 677 1
287 707 1
287 750 1
288 1 1
288 52 1
288 133 1
288 346 1
288 410 1
289 128 1
289 174 1
289 573 1
289 716 1
290 8 1
290 117 1
290 233 1
290 406 1
290 431 1
290 601 1
290 755 1
290 766 1
290 813 1
291 277 1
291 386 1
291 659 1
291 716 1
291 719 1
291 735 1
291 787 1
291 812 1
292 158 1
293 34 1
293 58 1
293 212 1
293 452 1
294 8 1
294 23 1
294 78 1
294 84 1
294 309 1
294 336 1
294 578 1
294 745 1
295 95 1
295 122 1
295 198 1
295 397 1
295 497 1
295 547 1
295 608 1
295 639 1
295 783 1
295 815 1
296 186 1
296 277 1
296 285 1
296 463 1
296 526 1
296 589 1
297 65 1
297 315 1
297 354 1
297 632 1
297 701 1
298 329 1
298 559 1
298 570 1
298 607 1
298 678 1
299 153 1
299 220 1
299 284 1
299 375 1
299 584 1
299 700 1
299 706 1
300 249 1
301 274 1
301 391 1
301 424 1
301 582 1
302 22 1
302 45 1
302 85 1
302 151 1
302 214 1
302 215 1
302 319 1
302 363 1
302 481 1
302 506 1
302 508 1
302 687 1
302 782 1
303 90 1
303 111 1
303 113 1
303 314 1
303 423 1
303 574 1
303 630 1
303 652 1
303 707 1
304 216 1
304 365 1
304 465 1
304 503 1
304 553 1
304 571 1
304 663 1
305 70 1
305 99 1
305 148 1
305 165 1
305 346 1
305 623 1
305 680 1
306 39 1
306 102 1
306 149 1
306 198 1
306 404 1
306 467 1
306 566 1
306 789 1
306 816 1
307 6 1
307 173 1
307 475 1
307 556 1
307 606 1
307 731 1
308 99 1
308 154 1
308 188 1
308 199 1
308 243 1
308 318 1
308 375 1
308 382 1
308 433 1
308 459 1
308 705 1
309 143 1
309 200 1
309 274 1
309 315 1
309 322 1
309 414 1
309 440 1
309 497 1
309 521 1
309 674 1
310 21 1
310 353 1
310 704 1
311 214 1
311 235 1
311 342 1
311 520 1
311 537 1
311 589 1
311 599 1
312 217 1
312 284 1
312 309 1
312 562 1
312 613 1
313 0 1
313 15 1
313 280 1
313 429 1
313 463 1
313 653 1
313 672 1
313 815 1
314 28 1
314 31 1
314 114 1
314 283 1
314 385 1
314 480 1
314 683 1
314 818 1
315 72 1
315 147 1
315 296 1
315 357 1
315 375 1
315 547 1
315 744 1
315 773 1
316 59 1
316 176 1
316 256 1
316 492 1
316 740 1
317 6 1
317 135 1
317 170 1
317 217 1
317 325 1
317 372 1
317 575 1
317 620 1
317 670 1
318 30 1
318 206 1
318 259 1
318 321 1
318 356 1
318 751 1
318 782 1
319 135 1
319 478 1
319 580 1
319 617 1
319 662 1
319 690 1
319 704 1
319 760 1
319 810 1
320 93 1
320 244 1
320 324 1
320 400 1
320 585 1
320 644 1
321 328 1
321 480 1
321 807 1
322 32 1
322 169 1
322 447 1
322 453 1
322 459 1
322 654 1
322 796 1
323 87 1
323 169 1
323 368 1
323 468 1
323 679 1
323 682 1
323 724 1
324 50 1
324 209 1
324 375 1
324 430 1
324 586 1
324 706 1
324 811 1
325 19 1
325 54 1
325 73 1
325 117 1
325 219 1
325 290 1
325 360 1
325 662 1
325 673 1
325 726 1
325 768 1
326 121 1
326 154 1
326 201 1
326 467 1
326 534 1
326 564 1
326 668 1
326 752 1
327 54 1
327 195 1
327 267 1
327 415 1
327 476 1
327 501 1
327 625 1
327 739 1
328 116 1
328 156 1
328 250 1
328 308 1
328 348 1
328 422 1
328 794 1
329 19 1
329 26 1
329 95 1
329 129 1
329 185 1
329 264 1
329 485 1
329 689 1
330 43 1
330 68 1
330 272 1
330 426 1
330 435 1
330 522 1
330 618 1
330 685 1
330 706 1
330 769 1
330 777 1
331 34 1
331 101 1
331 294 1
331 308 1
331 462 1
331 495 1
331 577 1
331 743 1
331 819 1
332 59 1
332 141 1
332 193 1
332 230 1
332 313 1
332 350 1
332 628 1
332 648 1
333 163 1
333 662 1
333 798 1
334 129 1
334 168 1
334 387 1
334 435 1
334 502 1
334 770 1
334 785 1
335 57 1
335 58 1
335 63 1
335 120 1
335 405 1
335 432 1
335 456 1
335 515 1
335 516 1
335 616 1
335 641 1
335 665 1
336 109 1
336 128 1
336 242 1
336 375 1
336 393 1
337 155 1
337 203 1
337 242 1
337 373 1
337 394 1
337 427 1
337 739 1
337 784 1
338 111 1
338 276 1
338 393 1
338 421 1
338 759 1
338 788 1
339 171 1
339 276 1
339 302 1
339 753 1
340 10 1
340 61 1
340 63 1
340 70 1
340 144 1
340 148 1
340 179 1
340 218 1
340 236 1
340 247 1
340 259 1
340 261 1
340 430 1
340 538 1
340 568 1
340 728 1
341 252 1
341 585 1
341 587 1
341 796 1
342 5 1
342 323 1
342 405 1
342 447 1
342 472 1
342 624 1
342 784 1
342 794 1
343 201 1
343 787 1
344 106 1
344 197 1
344 330 1
344 600 1
344 718 1
345 62 1
345 157 1
345 192 1
345 301 1
345 324 1
345 342 1
345 358 1
345 432 1
345 599 1
345 674 1
346 38 1
346 411 1
346 412 1
346 629 1
346 715 1
347 18 1
347 309 1
347 580 1
347 762 1
347 785 1
348 60 1
348 104 1
348 393 1
348 629 1
348 660 1
348 727 1
349 37 1
349 81 1
349 85 1
349 100 1
349 101 1
349 166 1
349 311 1
349 429 1
349 480 1
349 591 1
349 637 1
349 722 1
350 177 1
350 395 1
350 507 1
350 510 1
350 583 1
351 25 1
351 92 1
351 185 1
351 607 1
351 644 1
352 50 1
352 52 1
352 209 1
352 462 1
352 692 1
352 783 1
353 116 1
353 172 1
353 261 1
353 415 1
353 516 1
353 542 1
353 718 1
353 766 1
353 780 1
353 797 1
354 85 1
354 147 1
354 182 1
354 425 1
354 778 1
355 74 1
355 138 1
355 195 1
355 365 1
356 36 1
356 108 1
356 177 1
356 185 1
356 196 1
356 401 1
357 5 1
357 61 1
357 148 1
357 399 1
357 430 1
357 649 1
357 804 1
358 8 1
358 201 1
358 324 1
358 340 1
358 396 1
358 521 1
358 598 1
358 602 1
358 636 1
358 691 1
358 712 1
358 750 1
358 774 1
358 804 1
359 420 1
359 508 1
359 707 1
360 265 1
360 330 1
360 340 1
360 353 1
360 379 1
360 431 1
360 702 1
361 461 1
362 179 1
362 434 1
362 533 1
362 534 1
362 646 1
362 737 1
363 15 1
363 43 1
363 90 1
363 274 1
363 326 1
363 354 1
363 510 1
363 609 1
363 709 1
363 715 1
364 60 1
364 133 1
364 219 1
364 342 1
364 490 1
364 515 1
364 672 1
365 9 1
365 29 1
365 50 1
365 61 1
365 225 1
365 294 1
365 383 1
365 433 1
365 522 1
366 141 1
366 151 1
366 184 1
366 223 1
366 256 1
366 284 1
366 735 1
366 774 1
367 137 1
367 357 1
367 374 1
367 429 1
367 437 1
367 683 1
367 693 1
368 23 1
368 188 1
368 262 1
368 282 1
368 314 1
368 348 1
368 382 1
368 462 1
368 815 1
369 119 1
369 222 1
369 283 1
369 287 1
369 302 1
369 424 1
369 443 1
369 741 1
369 781 1
370 88 1
370 440 1
370 441 1
370 516 1
370 591 1
370 669 1
371 84 1
371 328 1
371 329 1
371 718 1
372 11 1
372 181 1
372 313 1
372 358 1
372 611 1
372 711 1
372 812 1
373 47 1
373 96 1
373 175 1
373 495 1
373 626 1
373 697 1
373 709 1
373 797 1
374 19 1
374 27 1
374 69 1
374 78 1
374 118 1
374 144 1
374 239 1
374 404 1
374 435 1
374 499 1
374 534 1
374 560 1
374 682 1
374 807 1
375 34 1
375 93 1
375 102 1
375 177 1
375 212 1
375 247 1
375 287 1
375 418 1
375 480 1
375 566 1
375 636 1
375 665 1
375 759 1
376 159 1
376 186 1
376 238 1
376 308 1
376 354 1
376 358 1
376 383 1
376 388 1
376 582 1
376 770 1
376 803 1
377 83 1
377 289 1
377 386 1
377 387 1
377 513 1
377 614 1
377 632 1
378 85 1
378 235 1
378 274 1
378 326 1
378 338 1
378 391 1
378 617 1
378 640 1
378 719 1
379 51 1
379 101 1
379 281 1
379 491 1
379 511 1
379 609 1
379 774 1
380 265 1
380 342 1
380 575 1
380 636 1
380 759 1
380 760 1
381 12 1
381 228 1
381 252 1
381 266 1
381 386 1
381 427 1
381 488 1
381 663 1
382 102 1
382 195 1
382 549 1
382 660 1
382 803 1
383 15 1
383 35 1
383 144 1
383 295 1
383 560 1
383 767 1
384 1 1
384 255 1
384 263 1
384 265 1
384 519 1
384 626 1
385 67 1
385 91 1
385 199 1
385 220 1
385 362 1
385 404 1
385 515 1
385 632 1
385 730 1
386 38 1
386 138 1
386 140 1
386 162 1
386 217 1
386 314 1
386 359 1
386 758 1
386 776 1
387 186 1
387 345 1
387 378 1
387 388 1
387 425 1
387 592 1
387 732 1
388 180 1
388 182 1
388 322 1
388 368 1
388 416 1
388 554 1
388 674 1
388 679 1
388 746 1
389 12 1
389 132 1
389 174 1
389 207 1
389 234 1
389 326 1
389 342 1
389 448 1
389 613 1
390 68 1
390 182 1
390 494 1
390 546 1
390 710 1
390 737 1
390 786 1
391 51 1
391 126 1
391 215 1
391 222 1
391 272 1
391 604 1
391 640 1
391 677 1
392 82 1
392 84 1
392 159 1
392 179 1
392 329 1
392 451 1
392 467 1
392 554 1
393 71 1
393 102 1
393 151 1
393 264 1
393 353 1
393 366 1
393 405 1
393 561 1
393 796 1
394 115 1
394 167 1
394 216 1
394 406 1
394 518 1
394 609 1
394 746 1
395 79 1
395 203 1
395 211 1
395 242 1
395 303 1
395 656 1
395 760 1
395 764 1
396 25 1
396 278 1
396 280 1
396 550 1
396 565 1
396 733 1
397 135 1
397 139 1
397 178 1
397 305 1
397 422 1
397 711 1
397 799 1
397 808 1
398 50 1
398 109 1
398 230 1
398 676 1
398 763 1
399 94 1
399 234 1
399 331 1
399 556 1
400 239 1
400 388 1
400 478 1
400 497 1
400 659 1
400 693 1
400 790 1
401 125 1
401 134 1
401 380 1
401 422 1
401 521 1
401 576 1
401 689 1
401 690 1
401 717 1
401 803 1
402 142 1
402 163 1
402 171 1
402 290 1
402 570 1
402 671 1
402 720 1
403 286 1
403 366 1
403 373 1
403 396 1
403 670 1
404 87 1
404 107 1
404 108 1
404 111 1
404 132 1
404 156 1
404 159 1
404 195 1
404 229 1
404 245 1
404 365 1
404 416 1
404 441 1
404 654 1
404 731 1
405 54 1
405 78 1
405 360 1
405 421 1
405 516 1
405 619 1
405 661 1
405 745 1
405 749 1
406 131 1
406 326 1
406 479 1
407 73 1
407 295 1
407 527 1
407 554 1
407 814 1
408 54 1
408 327 1
408 445 1
408 471 1
408 626 1
408 691 1
409 23 1
409 201 1
409 217 1
409 270 1
409 490 1
409 544 1
409 618 1
410 34 1
410 85 1
410 124 1
410 390 1
410 445 1
410 613 1
410 614 1
410 631 1
410 805 1
411 16 1
411 143 1
411 285 1
411 410 1
411 491 1
411 627 1
412 88 1
412 221 1
412 449 1
412 498 1
412 509 1
412 600 1
413 25 1
413 80 1
413 104 1
413 302 1
413 347 1
413 368 1
413 381 1
413 576 1
414 11 1
414 256 1
414 272 1
414 390 1
414 404 1
414 648 1
414 655 1
414 739 1
415 103 1
415 227 1
415 255 1
415 313 1
415 432 1
415 498 1
415 765 1
416 78 1
416 162 1
416 345 1
416 487 1
416 494 1
416 506 1
416 694 1
416 773 1
417 66 1
417 93 1
417 112 1
417 132 1
417 171 1
417 180 1
417 296 1
417 428 1
417 510 1
417 597 1
417 607 1
417 711 1
418 82 1
418 425 1
418 475 1
418 519 1
418 672 1
419 189 1
419 288 1
419 306 1
419 309 1
419 553 1
419 604 1
419 800 1
420 63 1
420 175 1
420 277 1
420 291 1
420 407 1
420 589 1
420 606 1
420 631 1
420 677 1
420 719 1
421 19 1
421 115 1
421 141 1
421 304 1
421 647 1
421 655 1
421 790 1
422 79 1
422 104 1
422 332 1
422 374 1
422 435 1
422 536 1
423 52 1
423 57 1
423 389 1
423 722 1
423 736 1
424 19 1
424 482 1
424 681 1
424 749 1
425 7 1
425 397 1
425 454 1
425 643 1
425 667 1
425 758 1
426 41 1
426 142 1
426 183 1
426 314 1
426 460 1
426 474 1
426 475 1
426 586 1
426 735 1
426 773 1
426 807 1
427 14 1
427 92 1
427 105 1
427 257 1
427 421 1
427 628 1
428 146 1
428 175 1
428 418 1
428 552 1
428 622 1
428 676 1
429 19 1
429 97 1
429 353 1
429 443 1
429 553 1
429 612 1
429 634 1
430 155 1
430 274 1
430 282 1
430 326 1
430 481 1
430 573 1
430 749 1
430 768 1
430 787 1
431 220 1
431 266 1
431 305 1
431 311 1
431 334 1
431 421 1
431 472 1
431 550 1
432 158 1
432 401 1
432 410 1
432 560 1
432 636 1
432 645 1
432 736 1
433 92 1
433 159 1
433 273 1
433 317 1
433 385 1
433 409 1
433 498 1
433 589 1
433 628 1
433 654 1
433 749 1
434 25 1
434 33 1
434 330 1
434 636 1
434 813 1
435 124 1
435 160 1
435 202 1
435 267 1
435 394 1
435 432 1
435 643 1
435 719 1
436 95 1
436 110 1
436 130 1
436 272 1
436 273 1
436 484 1
436 551 1
436 582 1
436 669 1
436 725 1
437 121 1
437 159 1
437 192 1
437 534 1
437 604 1
438 402 1
438 476 1
438 666 1
438 755 1
438 783 1
439 248 1
439 499 1
439 521 1
440 2 1
440 127 1
440 471 1
440 520 1
440 547 1
440 709 1
440 732 1
441 136 1
441 202 1
441 229 1
441 303 1
441 468 1
441 811 1
442 267 1
442 323 1
442 515 1
442 657 1
443 34 1
443 114 1
443 186 1
443 343 1
443 576 1
443 588 1
444 53 1
444 104 1
444 201 1
444 306 1
444 481 1
444 739 1
445 9 1
445 105 1
445 108 1
445 237 1
445 490 1
445 548 1
445 616 1
446 187 1
446 345 1
446 553 1
446 576 1
446 780 1
447 10 1
447 77 1
447 171 1
447 180 1
447 183 1
447 236 1
447 467 1
447 474 1
447 529 1
448 162 1
448 395 1
448 436 1
448 523 1
448 693 1
449 135 1
449 183 1
449 191 1
449 399 1
449 463 1
449 503 1
449 599 1
449 792 1
450 20 1
450 74 1
450 187 1
450 228 1
450 760 1
450 780 1
451 28 1
451 129 1
451 155 1
451 186 1
451 201 1
451 296 1
451 331 1
451 380 1
451 534 1
451 611 1
451 740 1
452 4 1
452 153 1
452 443 1
452 696 1
452 719 1
452 739 1
452 769 1
453 25 1
453 220 1
453 435 1
453 469 1
453 484 1
453 554 1
453 605 1
453 758 1
454 128 1
454 182 1
454 225 1
454 362 1
454 624 1
454 692 1
454 730 1
455 44 1
455 259 1
455 351 1
455 429 1
455 619 1
456 12 1
456 89 1
456 180 1
456 376 1
456 758 1
457 36 1
457 68 1
457 179 1
457 255 1
457 323 1
457 597 1
458 22 1
458 354 1
458 451 1
458 504 1
459 24 1
459 235 1
459 320 1
459 353 1
459 374 1
459 439 1
460 83 1
460 111 1
460 225 1
460 369 1
460 478 1
460 598 1
460 679 1
461 12 1
461 81 1
461 352 1
461 641 1
461 734 1
461 759 1
461 787 1
462 260 1
462 374 1
462 397 1
462 454 1
462 504 1
462 528 1
462 541 1
462 542 1
462 560 1
462 731 1
463 298 1
463 345 1
463 383 1
463 393 1
463 639 1
463 783 1
464 83 1
464 363 1
464 581 1
465 45 1
465 109 1
465 213 1
465 326 1
465 330 1
465 486 1
465 601 1
465 675 1
466 13 1
466 20 1
466 526 1
467 12 1
467 86 1
467 323 1
467 346 1
467 409 1
467 534 1
467 574 1
467 644 1
467 649 1
467 683 1
467 742 1
467 748 1
468 349 1
468 384 1
468 403 1
468 593 1
468 602 1
468 733 1
468 790 1
469 71 1
469 256 1
469 347 1
469 370 1
469 509 1
469 742 1
469 803 1
470 16 1
470 281 1
470 521 1
471 112 1
471 139 1
471 235 1
471 275 1
471 460 1
471 533 1
471 539 1
471 686 1
471 748 1
472 39 1
472 75 1
472 158 1
472 213 1
472 226 1
472 253 1
472 360 1
472 374 1
472 506 1
472 519 1
472 544 1
472 621 1
473 257 1
473 789 1
474 68 1
474 93 1
474 198 1
474 302 1
474 538 1
474 552 1
474 553 1
474 581 1
474 741 1
475 5 1
475 164 1
475 195 1
475 254 1
475 260 1
475 582 1
475 607 1
475 664 1
475 693 1
475 705 1
476 10 1
476 172 1
476 346 1
476 412 1
476 451 1
476 488 1
476 492 1
476 522 1
476 811 1
477 312 1
477 536 1
477 541 1
477 667 1
477 814 1
478 114 1
478 229 1
478 234 1
478 306 1
478 389 1
478 526 1
478 542 1
478 790 1
478 797 1
479 69 1
479 195 1
479 225 1
479 296 1
479 310 1
479 558 1
479 647 1
480 38 1
480 281 1
480 456 1
480 464 1
480 504 1
480 580 1
480 679 1
480 747 1
481 146 1
481 147 1
481 166 1
481 219 1
481 391 1
481 413 1
481 519 1
481 611 1
481 675 1
481 719 1
482 11 1
482 229 1
482 322 1
482 453 1
482 727 1
482 771 1
483 259 1
483 417 1
483 680 1
483 749 1
484 196 1
484 203 1
484 386 1
484 425 1
484 462 1
484 488 1
484 575 1
485 398 1
485 412 1
485 438 1
485 624 1
485 647 1
485 805 1
486 490 1
486 593 1
486 605 1
486 646 1
486 684 1
487 125 1
487 263 1
487 436 1
487 467 1
487 592 1
487 626 1
487 725 1
487 736 1
487 771 1
487 806 1
487 818 1
488 340 1
488 556 1
488 642 1
488 670 1
488 720 1
489 51 1
489 62 1
489 215 1
489 401 1
489 417 1
489 640 1
489 694 1
490 302 1
490 392 1
490 712 1
490 723 1
490 727 1
490 736 1
490 785 1
491 174 1
491 652 1
491 680 1
491 697 1
491 719 1
491 753 1
491 786 1
492 64 1
492 254 1
492 491 1
492 556 1
492 557 1
492 576 1
492 687 1
492 732 1
492 792 1
493 41 1
493 107 1
493 118 1
493 343 1
494 194 1
494 385 1
494 478 1
494 621 1
495 401 1
495 487 1
495 541 1
495 681 1
495 723 1
496 15 1
496 302 1
496 765 1
497 156 1
497 219 1
497 238 1
497 241 1
497 256 1
497 308 1
497 331 1
497 515 1
497 522 1
497 618 1
497 742 1
497 762 1
497 801 1
498 11 1
498 182 1
498 517 1
498 604 1
498 685 1
498 705 1
498 741 1
499 11 1
499 170 1
499 268 1
499 536 1
500 173 1
500 369 1
501 53 1
501 234 1
501 731 1
501 795 1
502 27 1
502 63 1
502 372 1
502 436 1
502 600 1
502 776 1
502 809 1
503 215 1
503 220 1
503 375 1
503 396 1
503 445 1
503 462 1
503 651 1
503 779 1
504 39 1
504 75 1
504 148 1
504 298 1
504 309 1
504 380 1
504 381 1
504 440 1
504 658 1
504 739 1
504 753 1
505 113 1
505 287 1
505 420 1
505 716 1
505 787 1
505 794 1
506 91 1
506 518 1
506 544 1
506 561 1
506 653 1
506 756 1
506 801 1
507 117 1
507 227 1
507 291 1
507 345 1
507 387 1
507 568 1
507 574 1
508 380 1
508 442 1
508 465 1
508 640 1
508 647 1
508 702 1
508 787 1
509 35 1
509 47 1
509 276 1
509 415 1
509 448 1
509 460 1
509 774 1
510 39 1
510 182 1
510 202 1
510 592 1
510 698 1
510 771 1
510 813 1
511 43 1
511 233 1
511 297 1
511 758 1
511 785 1
512 138 1
512 478 1
512 654 1
513 213 1
513 300 1
513 317 1
513 349 1
513 415 1
513 461 1
513 540 1
513 600 1
513 685 1
514 74 1
514 92 1
514 275 1
514 331 1
514 547 1
514 737 1
515 70 1
515 110 1
515 146 1
515 157 1
515 173 1
515 259 1
515 262 1
515 465 1
515 576 1
515 796 1
516 193 1
516 496 1
516 543 1
516 548 1
516 614 1
516 721 1
516 747 1
517 37 1
517 579 1
517 709 1
517 804 1
518 89 1
518 358 1
518 401 1
518 697 1
519 10 1
519 165 1
519 188 1
519 208 1
519 340 1
519 389 1
519 506 1
519 559 1
519 651 1
519 700 1
519 715 1
519 793 1
520 168 1
520 188 1
520 200 1
520 515 1
520 593 1
520 608 1
520 714 1
520 766 1
521 92 1
521 108 1
521 138 1
521 212 1
521 229 1
521 251 1
521 265 1
521 497 1
521 586 1
521 680 1
522 83 1
522 121 1
522 157 1
522 162 1
522 166 1
522 220 1
522 309 1
522 362 1
522 379 1
522 498 1
522 534 1
522 721 1
523 66 1
523 87 1
523 307 1
523 479 1
523 529 1
523 602 1
523 730 1
524 35 1
524 54 1
524 558 1
524 653 1
524 769 1
525 317 1
525 476 1
525 514 1
525 539 1
525 633 1
525 640 1
525 643 1
525 813 1
526 13 1
526 32 1
526 101 1
526 130 1
526 374 1
526 467 1
527 35 1
527 371 1
527 546 1
527 580 1
527 800 1
528 14 1
528 47 1
528 110 1
528 337 1
528 433 1
528 512 1
528 793 1
529 195 1
529 235 1
529 554 1
529 578 1
529 582 1
529 611 1
529 612 1
529 618 1
529 626 1
529 677 1
530 30 1
530 41 1
530 441 1
530 625 1
530 687 1
531 41 1
531 476 1
531 707 1
531 756 1
532 21 1
532 116 1
532 185 1
532 375 1
532 437 1
532 674 1
533 410 1
533 468 1
533 568 1
533 748 1
534 14 1
534 41 1
534 128 1
534 322 1
534 330 1
534 426 1
534 472 1
534 489 1
534 564 1
534 632 1
535 21 1
535 202 1
535 244 1
535 687 1
535 774 1
536 67 1
536 106 1
536 133 1
536 163 1
536 283 1
536 301 1
536 309 1
536 551 1
536 758 1
537 151 1
537 209 1
537 590 1
537 704 1
538 145 1
538 364 1
538 452 1
538 775 1
539 11 1
539 90 1
539 319 1
539 454 1
539 670 1
539 674 1
539 746 1
539 810 1
540 260 1
540 338 1
540 474 1
540 796 1
541 26 1
541 74 1
541 199 1
541 219 1
541 280 1
541 414 1
541 676 1
541 813 1
542 68 1
542 207 1
542 297 1
542 468 1
542 553 1
542 726 1
542 810 1
543 0 1
543 82 1
543 134 1
543 136 1
543 667 1
543 757 1
543 765 1
544 199 1
544 201 1
544 216 1
544 680 1
544 785 1
545 520 1
546 2 1
546 45 1
546 51 1
546 72 1
546 247 1
546 560 1
546 656 1
547 0 1
547 13 1
547 125 1
547 135 1
547 161 1
547 327 1
547 395 1
547 588 1
547 647 1
547 655 1
547 676 1
547 787 1
547 806 1
548 143 1
548 209 1
548 233 1
548 270 1
548 490 1
548 524 1
548 730 1
549 35 1
549 113 1
549 180 1
549 188 1
549 528 1
549 535 1
549 650 1
549 814 1
550 107 1
550 332 1
550 368 1
550 449 1
550 732 1
550 808 1
550 809 1
551 150 1
551 266 1
551 367 1
551 373 1
551 405 1
551 528 1
551 628 1
551 719 1
552 61 1
552 378 1
552 665 1
553 32 1
553 103 1
553 197 1
553 311 1
553 357 1
553 369 1
553 561 1
553 593 1
553 605 1
553 691 1
553 708 1
553 731 1
553 763 1
554 56 1
554 62 1
554 101 1
554 173 1
554 295 1
554 394 1
554 410 1
554 423 1
554 444 1
554 477 1
554 541 1
554 733 1
555 249 1
555 317 1
555 574 1
555 775 1
556 62 1
556 110 1
556 113 1
556 145 1
556 216 1
556 244 1
556 253 1
556 394 1
556 663 1
556 765 1
557 149 1
557 410 1
557 525 1
557 551 1
557 569 1
557 697 1
558 93 1
558 264 1
558 402 1
558 420 1
558 593 1
558 722 1
559 17 1
559 184 1
559 196 1
559 685 1
560 71 1
560 121 1
560 253 1
560 266 1
560 287 1
560 447 1
560 577 1
561 10 1
561 276 1
561 390 1
561 446 1
561 461 1
561 477 1
561 486 1
561 497 1
561 563 1
562 270 1
562 528 1
562 615 1
562 739 1
562 781 1
563 40 1
563 218 1
563 337 1
563 436 1
563 603 1
563 670 1
563 703 1
563 767 1
563 803 1
563 810 1
564 90 1
564 145 1
564 471 1
564 525 1
564 571 1
564 625 1
565 53 1
565 468 1
565 672 1
565 720 1
565 777 1
566 23 1
566 224 1
566 240 1
566 558 1
566 671 1
566 776 1
567 138 1
567 305 1
567 309 1
567 328 1
567 471 1
567 720 1
568 226 1
568 229 1
568 305 1
568 310 1
568 622 1
568 641 1
569 211 1
569 232 1
569 252 1
569 313 1
569 381 1
569 458 1
569 695 1
570 36 1
570 125 1
570 188 1
570 523 1
570 601 1
570 619 1
571 81 1
571 111 1
571 163 1
571 222 1
571 292 1
571 649 1
571 707 1
571 762 1
572 179 1
572 541 1
573 41 1
573 122 1
573 338 1
573 690 1
573 796 1
574 20 1
574 165 1
574 216 1
574 497 1
574 508 1
574 736 1
574 756 1
574 810 1
575 2 1
575 74 1
575 221 1
575 353 1
575 377 1
575 711 1
576 43 1
576 61 1
576 117 1
576 132 1
576 133 1
576 151 1
576 252 1
576 735 1
576 767 1
576 793 1
576 818 1
577 306 1
577 349 1
577 396 1
577 495 1
577 620 1
577 730 1
578 9 1
578 52 1
578 71 1
578 141 1
578 154 1
578 350 1
578 363 1
578 404 1
578 448 1
578 653 1
579 68 1
579 192 1
579 596 1
579 633 1
579 756 1
580 32 1
580 160 1
580 174 1
580 358 1
580 450 1
580 471 1
580 561 1
580 563 1
580 628 1
580 639 1
581 135 1
581 311 1
581 331 1
581 484 1
581 502 1
581 547 1
581 624 1
582 60 1
582 98 1
582 108 1
582 128 1
582 143 1
582 226 1
582 290 1
582 312 1
582 415 1
582 418 1
582 580 1
582 714 1
583 30 1
583 118 1
583 127 1
583 140 1
583 291 1
583 302 1
583 320 1
584 502 1
584 543 1
584 732 1
584 746 1
585 114 1
585 191 1
585 313 1
585 334 1
585 509 1
585 604 1
585 624 1
585 668 1
586 30 1
586 290 1
586 318 1
586 394 1
586 416 1
586 419 1
586 614 1
586 767 1
586 815 1
587 54 1
587 227 1
587 252 1
587 522 1
587 795 1
588 56 1
588 131 1
588 375 1
588 386 1
588 430 1
588 477 1
588 483 1
588 584 1
589 65 1
589 188 1
589 367 1
589 389 1
589 419 1
589 492 1
589 689 1
589 739 1
590 204 1
590 461 1
590 616 1
591 82 1
591 89 1
591 375 1
591 400 1
591 467 1
591 495 1
591 524 1
591 571 1
592 305 1
592 330 1
592 529 1
592 675 1
592 783 1
593 112 1
593 218 1
593 229 1
593 328 1
593 373 1
593 456 1
593 459 1
593 465 1
593 570 1
593 618 1
593 632 1
593 638 1
594 200 1
594 207 1
594 718 1
594 813 1
595 22 1
595 45 1
595 46 1
595 81 1
595 302 1
595 438 1
595 573 1
596 75 1
596 178 1
596 186 1
596 370 1
596 490 1
596 580 1
597 53 1
597 110 1
597 141 1
597 506 1
597 555 1
597 583 1
597 673 1
598 261 1
598 295 1
598 313 1
598 606 1
599 113 1
599 186 1
599 199 1
599 203 1
599 229 1
599 352 1
599 654 1
599 668 1
599 677 1
600 29 1
600 133 1
600 284 1
600 508 1
600 534 1
600 561 1
600 788 1
601 19 1
601 118 1
601 283 1
601 441 1
601 454 1
601 468 1
601 596 1
601 604 1
601 816 1
602 83 1
602 293 1
602 411 1
602 617 1
602 625 1
603 106 1
603 124 1
603 219 1
603 285 1
603 474 1
603 601 1
603 737 1
603 767 1
603 777 1
604 129 1
604 294 1
604 417 1
604 477 1
604 568 1
604 630 1
604 726 1
604 796 1
605 28 1
605 36 1
605 131 1
605 447 1
605 461 1
605 751 1
606 31 1
606 127 1
606 146 1
606 223 1
606 224 1
606 583 1
606 676 1
606 701 1
606 712 1
606 714 1
607 14 1
607 273 1
607 319 1
607 811 1
608 244 1
608 260 1
608 298 1
608 325 1
608 547 1
608 613 1
609 176 1
609 178 1
609 214 1
609 264 1
609 414 1
609 525 1
609 530 1
609 812 1
610 197 1
610 434 1
610 442 1
611 11 1
611 78 1
611 135 1
611 271 1
611 356 1
611 464 1
611 666 1
611 807 1
612 349 1
612 466 1
612 521 1
612 522 1
612 631 1
613 1 1
613 87 1
613 146 1
613 333 1
613 413 1
613 571 1
613 751 1
613 777 1
614 18 1
614 181 1
614 254 1
614 433 1
614 555 1
614 694 1
614 750 1
615 244 1
615 267 1
615 324 1
615 460 1
615 529 1
616 135 1
616 206 1
616 402 1
616 470 1
616 668 1
616 697 1
617 243 1
617 442 1
617 481 1
617 728 1
617 789 1
618 326 1
618 460 1
618 668 1
618 748 1
618 770 1
619 51 1
619 94 1
619 123 1
619 135 1
619 197 1
619 370 1
619 381 1
619 555 1
619 606 1
619 631 1
619 687 1
619 817 1
620 50 1
620 287 1
620 474 1
620 610 1
620 649 1
621 280 1
621 417 1
621 565 1
621 791 1
621 792 1
621 806 1
622 31 1
622 60 1
622 335 1
622 542 1
622 556 1
622 763 1
623 317 1
623 453 1
623 568 1
623 657 1
623 774 1
624 63 1
624 118 1
624 260 1
624 271 1
624 294 1
624 335 1
624 426 1
624 590 1
624 593 1
624 604 1
624 656 1
625 65 1
625 110 1
625 150 1
625 504 1
625 553 1
625 660 1
625 687 1
625 733 1
626 71 1
626 117 1
626 129 1
626 291 1
626 420 1
626 453 1
626 484 1
626 507 1
626 614 1
627 96 1
627 181 1
627 336 1
627 708 1
628 4 1
628 77 1
628 120 1
628 199 1
628 435 1
628 553 1
628 554 1
628 576 1
628 593 1
629 202 1
629 241 1
629 298 1
629 579 1
629 724 1
629 763 1
629 776 1
630 192 1
630 340 1
630 693 1
631 238 1
631 308 1
631 332 1
631 417 1
631 489 1
631 626 1
631 769 1
632 64 1
632 66 1
632 255 1
632 426 1
632 451 1
632 481 1
632 503 1
632 537 1
632 551 1
632 591 1
632 700 1
632 802 1
633 57 1
633 93 1
633 651 1
634 462 1
634 485 1
635 17 1
635 92 1
635 270 1
635 392 1
635 545 1
635 637 1
636 85 1
636 103 1
636 107 1
636 182 1
636 356 1
636 487 1
636 550 1
637 21 1
637 248 1
637 255 1
637 262 1
637 339 1
637 510 1
637 553 1
638 455 1
638 681 1
638 771 1
639 95 1
639 123 1
639 206 1
639 431 1
639 491 1
639 583 1
639 692 1
639 793 1
640 33 1
640 43 1
640 82 1
640 167 1
640 255 1
640 306 1
640 366 1
640 472 1
640 504 1
640 589 1
640 691 1
640 694 1
640 697 1
641 85 1
641 126 1
641 283 1
641 376 1
641 417 1
641 472 1
641 513 1
641 773 1
642 141 1
642 655 1
643 37 1
643 132 1
643 216 1
643 290 1
643 567 1
643 766 1
644 66 1
644 96 1
644 127 1
644 235 1
644 365 1
644 577 1
644 716 1
645 215 1
645 511 1
645 515 1
645 583 1
645 766 1
646 11 1
646 308 1
646 553 1
646 562 1
646 582 1
646 814 1
647 42 1
647 57 1
647 103 1
647 303 1
647 349 1
647 481 1
647 599 1
647 663 1
647 680 1
647 695 1
648 124 1
648 141 1
648 164 1
648 169 1
648 244 1
649 47 1
649 79 1
649 233 1
649 362 1
649 563 1
649 640 1
649 718 1
650 118 1
650 394 1
651 34 1
651 151 1
651 197 1
651 212 1
651 246 1
651 368 1
651 713 1
651 753 1
652 51 1
652 629 1
652 662 1
652 689 1
652 704 1
652 788 1
652 806 1
653 145 1
653 162 1
653 174 1
653 327 1
653 390 1
653 644 1
653 665 1
653 696 1
654 102 1
654 111 1
654 360 1
654 386 1
654 446 1
654 501 1
654 697 1
655 80 1
655 203 1
655 420 1
655 485 1
655 532 1
655 621 1
655 659 1
656 158 1
656 221 1
656 290 1
656 402 1
656 492 1
656 516 1
656 592 1
656 595 1
656 687 1
657 118 1
657 227 1
657 230 1
657 335 1
657 409 1
657 819 1
658 428 1
658 523 1
658 556 1
658 647 1
659 11 1
659 327 1
659 348 1
659 358 1
659 579 1
659 666 1
659 709 1
660 33 1
660 34 1
660 223 1
660 265 1
660 408 1
660 550 1
660 604 1
660 692 1
661 266 1
661 529 1
661 610 1
661 722 1
661 729 1
661 746 1
662 48 1
662 60 1
662 143 1
662 365 1
662 467 1
662 472 1
662 500 1
662 660 1
662 803 1
663 159 1
663 449 1
663 501 1
663 566 1
663 649 1
663 802 1
664 20 1
664 144 1
664 165 1
664 360 1
664 605 1
664 719 1
664 758 1
665 6 1
665 17 1
665 169 1
665 196 1
665 251 1
665 404 1
665 696 1
665 704 1
665 743 1
665 796 1
666 101 1
666 218 1
666 284 1
666 424 1
666 559 1
666 635 1
666 718 1
667 91 1
667 137 1
667 254 1
667 431 1
667 505 1
667 588 1
667 655 1
667 812 1
668 27 1
668 387 1
668 433 1
668 657 1
668 721 1
668 817 1
669 81 1
669 99 1
669 262 1
669 613 1
669 702 1
669 711 1
670 599 1
670 600 1
670 612 1
670 742 1
670 782 1
670 799 1
670 806 1
671 169 1
671 183 1
671 478 1
671 485 1
671 632 1
671 795 1
672 140 1
672 359 1
672 504 1
672 622 1
672 694 1
672 759 1
672 807 1
673 46 1
673 536 1
673 593 1
674 29 1
674 54 1
674 84 1
674 94 1
674 145 1
674 244 1
674 369 1
674 493 1
674 523 1
674 536 1
674 540 1
674 800 1
675 15 1
675 187 1
675 426 1
675 567 1
675 778 1
676 93 1
676 175 1
676 256 1
676 416 1
676 569 1
676 582 1
676 602 1
676 625 1
676 651 1
676 667 1
676 740 1
677 206 1
677 325 1
677 372 1
677 465 1
677 562 1
677 784 1
677 797 1
678 136 1
678 357 1
678 463 1
679 38 1
679 85 1
679 208 1
679 478 1
679 681 1
679 774 1
680 67 1
680 188 1
680 235 1
680 322 1
680 419 1
680 428 1
680 472 1
680 693 1
680 801 1
681 408 1
681 520 1
681 553 1
681 639 1
681 813 1
682 27 1
682 225 1
682 337 1
682 524 1
682 611 1
682 667 1
682 759 1
683 2 1
683 167 1
683 427 1
683 575 1
683 585 1
683 691 1
683 702 1
684 39 1
684 323 1
684 509 1
684 779 1
685 34 1
685 43 1
685 99 1
685 133 1
685 136 1
685 337 1
685 392 1
685 810 1
686 143 1
686 316 1
686 374 1
686 528 1
686 652 1
686 752 1
686 777 1
687 4 1
687 6 1
687 81 1
687 121 1
687 185 1
687 340 1
687 380 1
687 420 1
687 434 1
687 475 1
687 476 1
687 505 1
687 685 1
688 117 1
688 186 1
688 606 1
688 667 1
689 81 1
689 111 1
689 154 1
689 383 1
689 469 1
689 513 1
689 665 1
689 690 1
689 722 1
690 121 1
690 206 1
690 422 1
690 635 1
690 676 1
690 694 1
690 802 1
691 77 1
691 123 1
691 203 1
691 404 1
691 489 1
691 522 1
691 616 1
691 662 1
691 758 1
691 785 1
692 168 1
692 240 1
692 319 1
692 368 1
692 557 1
692 558 1
692 591 1
692 711 1
692 726 1
692 755 1
693 6 1
693 20 1
693 52 1
693 59 1
693 266 1
693 413 1
693 445 1
693 648 1
693 716 1
693 734 1
693 808 1
694 61 1
694 72 1
694 74 1
694 151 1
694 158 1
694 275 1
694 427 1
694 586 1
694 663 1
695 216 1
695 307 1
695 401 1
695 491 1
695 653 1
696 293 1
696 502 1
696 554 1
696 754 1
696 796 1
696 808 1
697 85 1
697 176 1
697 278 1
697 438 1
697 472 1
697 479 1
697 577 1
697 651 1
697 763 1
697 795 1
698 264 1
698 348 1
698 414 1
699 315 1
699 327 1
699 357 1
699 388 1
699 718 1
699 739 1
700 19 1
700 94 1
700 157 1
700 211 1
700 307 1
700 413 1
700 481 1
700 505 1
701 364 1
701 366 1
701 420 1
701 507 1
701 612 1
702 299 1
702 378 1
702 387 1
702 541 1
702 569 1
702 580 1
702 687 1
702 711 1
702 748 1
703 119 1
703 334 1
703 684 1
704 74 1
704 228 1
704 323 1
704 404 1
704 571 1
704 729 1
705 285 1
705 314 1
705 392 1
705 721 1
705 745 1
705 802 1
706 108 1
706 116 1
706 204 1
706 436 1
706 705 1
707 19 1
707 53 1
707 96 1
707 262 1
707 272 1
707 355 1
707 436 1
708 342 1
708 384 1
708 620 1
708 632 1
708 744 1
708 771 1
708 785 1
709 47 1
709 137 1
709 138 1
709 179 1
709 260 1
709 693 1
709 740 1
710 73 1
710 342 1
711 176 1
711 238 1
711 256 1
711 335 1
711 409 1
711 619 1
711 693 1
711 720 1
711 741 1
711 747 1
711 768 1
711 806 1
712 199 1
712 226 1
712 376 1
712 543 1
712 763 1
712 770 1
713 348 1
713 433 1
713 674 1
713 730 1
713 819 1
714 382 1
714 452 1
714 593 1
714 599 1
715 86 1
715 370 1
715 376 1
715 378 1
715 471 1
715 483 1
715 505 1
715 550 1
715 588 1
716 11 1
716 65 1
716 152 1
716 303 1
716 366 1
716 414 1
716 484 1
716 603 1
717 320 1
717 330 1
717 428 1
717 458 1
717 640 1
718 179 1
718 306 1
718 327 1
718 391 1
718 400 1
718 426 1
718 438 1
718 465 1
718 507 1
718 641 1
718 657 1
719 185 1
719 241 1
719 243 1
719 246 1
719 275 1
719 405 1
719 447 1
719 472 1
719 542 1
719 543 1
719 583 1
719 600 1
719 665 1
719 696 1
719 777 1
720 107 1
720 181 1
720 265 1
720 353 1
720 398 1
720 509 1
721 72 1
721 129 1
721 180 1
721 202 1
721 453 1
721 739 1
722 53 1
722 76 1
722 347 1
722 365 1
722 574 1
722 588 1
722 793 1
723 99 1
723 335 1
723 351 1
723 601 1
723 739 1
724 160 1
724 166 1
724 426 1
724 440 1
724 480 1
724 646 1
724 690 1
724 692 1
725 90 1
725 147 1
725 242 1
725 257 1
725 287 1
725 302 1
725 404 1
725 548 1
725 549 1
726 316 1
726 503 1
726 547 1
726 576 1
726 582 1
727 135 1
727 425 1
727 449 1
727 702 1
727 809 1
728 57 1
728 374 1
728 644 1
729 64 1
729 156 1
729 200 1
729 334 1
729 560 1
730 126 1
730 178 1
730 251 1
730 304 1
730 411 1
730 482 1
730 507 1
730 538 1
730 817 1
731 225 1
731 440 1
731 469 1
731 487 1
731 526 1
731 676 1
731 688 1
731 813 1
732 325 1
732 379 1
732 391 1
732 596 1
732 669 1
732 678 1
733 5 1
733 7 1
733 221 1
733 475 1
733 478 1
733 518 1
733 734 1
734 6 1
734 213 1
734 219 1
734 368 1
734 372 1
734 417 1
734 492 1
734 541 1
734 594 1
735 21 1
735 125 1
735 258 1
735 388 1
735 597 1
735 785 1
736 4 1
736 340 1
736 446 1
736 449 1
736 457 1
736 682 1
736 683 1
736 799 1
737 208 1
737 335 1
737 430 1
737 452 1
737 803 1
738 37 1
738 136 1
738 220 1
738 322 1
738 435 1
738 571 1
738 806 1
739 47 1
739 98 1
739 123 1
739 164 1
739 272 1
739 316 1
739 379 1
739 385 1
739 398 1
739 476 1
739 539 1
739 569 1
739 635 1
739 692 1
739 814 1
740 49 1
740 166 1
740 203 1
740 324 1
740 378 1
740 444 1
740 479 1
740 738 1
741 401 1
741 416 1
741 447 1
741 523 1
741 680 1
741 775 1
741 806 1
742 12 1
742 99 1
742 159 1
742 283 1
742 596 1
742 666 1
742 682 1
742 802 1
743 7 1
743 247 1
743 290 1
743 355 1
743 809 1
744 475 1
744 638 1
744 686 1
744 729 1
745 148 1
745 443 1
745 493 1
745 588 1
746 175 1
746 254 1
746 380 1
746 432 1
746 513 1
746 535 1
746 605 1
746 686 1
746 705 1
746 734 1
747 75 1
747 111 1
747 151 1
747 198 1
747 434 1
747 678 1
748 36 1
748 296 1
748 331 1
748 332 1
748 372 1
748 393 1
748 457 1
748 567 1
748 581 1
748 647 1
749 27 1
749 165 1
749 191 1
749 291 1
749 336 1
749 375 1
749 414 1
749 546 1
749 557 1
749 617 1
749 652 1
749 759 1
750 102 1
750 450 1
750 516 1
750 570 1
750 616 1
751 88 1
751 122 1
751 301 1
751 334 1
752 141 1
752 308 1
752 328 1
752 526 1
752 561 1
752 651 1
753 34 1
753 120 1
753 132 1
753 455 1
753 520 1
753 652 1
754 74 1
754 112 1
754 138 1
754 426 1
755 37 1
755 39 1
755 150 1
755 230 1
755 238 1
756 79 1
756 210 1
756 274 1
756 793 1
757 40 1
757 151 1
757 325 1
757 665 1
757 760 1
758 218 1
758 266 1
758 281 1
758 293 1
758 308 1
758 384 1
758 480 1
758 492 1
758 547 1
758 749 1
758 795 1
759 82 1
759 87 1
759 119 1
759 187 1
759 257 1
759 262 1
759 272 1
759 529 1
759 685 1
759 762 1
760 211 1
760 219 1
760 280 1
760 295 1
760 353 1
760 389 1
760 469 1
760 506 1
760 611 1
760 673 1
760 735 1
761 132 1
761 340 1
761 757 1
762 37 1
762 140 1
762 200 1
762 392 1
762 403 1
762 404 1
762 574 1
763 140 1
763 349 1
763 449 1
763 454 1
763 478 1
763 529 1
763 789 1
764 363 1
764 767 1
765 8 1
765 306 1
765 603 1
765 664 1
765 748 1
765 792 1
766 113 1
766 123 1
766 164 1
766 303 1
766 475 1
766 497 1
766 543 1
766 783 1
767 17 1
767 26 1
767 154 1
767 186 1
767 202 1
767 233 1
767 595 1
767 688 1
767 692 1
767 701 1
768 169 1
768 291 1
768 303 1
768 550 1
768 676 1
768 688 1
768 727 1
769 40 1
769 124 1
769 242 1
769 340 1
769 511 1
769 563 1
769 581 1
769 784 1
770 111 1
770 302 1
770 681 1
770 736 1
771 122 1
771 202 1
771 214 1
771 330 1
771 333 1
771 790 1
771 799 1
772 530 1
772 700 1
772 774 1
773 3 1
773 154 1
773 208 1
773 245 1
773 294 1
773 393 1
773 419 1
773 608 1
774 9 1
774 150 1
774 308 1
774 313 1
774 363 1
774 408 1
774 447 1
774 543 1
774 567 1
774 665 1
774 740 1
775 15 1
775 16 1
775 38 1
775 257 1
775 319 1
775 734 1
776 28 1
776 140 1
776 144 1
776 168 1
776 248 1
776 295 1
776 404 1
776 476 1
776 529 1
777 15 1
777 136 1
777 249 1
777 277 1
777 280 1
777 344 1
777 367 1
777 407 1
777 417 1
777 544 1
777 696 1
777 778 1
777 811 1
778 91 1
778 411 1
778 436 1
778 451 1
778 569 1
778 739 1
779 7 1
779 119 1
779 140 1
779 191 1
779 453 1
779 542 1
779 619 1
780 194 1
780 196 1
780 213 1
780 248 1
780 395 1
780 676 1
781 26 1
781 385 1
781 530 1
781 539 1
781 689 1
782 45 1
782 107 1
782 208 1
782 267 1
782 283 1
782 417 1
782 486 1
782 655 1
782 757 1
783 430 1
783 454 1
783 537 1
783 586 1
783 659 1
783 780 1
783 782 1
784 146 1
784 177 1
784 278 1
784 360 1
784 385 1
784 416 1
784 484 1
784 539 1
784 713 1
785 1 1
785 40 1
785 158 1
785 400 1
785 428 1
785 487 1
785 599 1
785 623 1
785 656 1
785 767 1
785 776 1
785 781 1
785 801 1
786 20 1
786 303 1
786 312 1
786 374 1
786 497 1
786 519 1
786 627 1
786 734 1
787 94 1
787 125 1
787 388 1
787 391 1
787 475 1
787 715 1
787 726 1
787 762 1
788 186 1
788 213 1
788 539 1
788 669 1
788 679 1
788 752 1
789 16 1
789 59 1
789 253 1
789 627 1
790 74 1
790 217 1
790 257 1
790 392 1
790 409 1
790 423 1
790 625 1
790 739 1
791 489 1
791 582 1
791 731 1
792 395 1
792 456 1
792 497 1
792 585 1
792 809 1
793 104 1
793 150 1
793 163 1
793 253 1
793 272 1
793 412 1
793 628 1
793 635 1
793 637 1
793 670 1
793 715 1
793 773 1
793 778 1
794 150 1
794 249 1
794 601 1
794 638 1
794 767 1
795 140 1
795 477 1
795 515 1
795 519 1
795 550 1
795 609 1
795 623 1
796 205 1
796 263 1
796 316 1
796 360 1
796 457 1
796 462 1
796 566 1
796 598 1
796 613 1
796 628 1
796 782 1
797 123 1
797 205 1
797 400 1
797 452 1
797 519 1
797 535 1
797 593 1
797 731 1
797 765 1
798 330 1
798 340 1
798 728 1
799 7 1
799 180 1
799 274 1
799 308 1
799 619 1
799 623 1
799 740 1
799 778 1
800 109 1
800 245 1
800 335 1
800 549 1
800 687 1
800 733 1
801 12 1
801 160 1
801 282 1
801 574 1
801 606 1
802 3 1
802 235 1
802 317 1
802 487 1
802 517 1
802 649 1
802 667 1
802 717 1
802 749 1
803 90 1
803 207 1
803 338 1
803 430 1
803 468 1
803 472 1
803 606 1
803 624 1
803 689 1
803 707 1
804 36 1
804 234 1
804 447 1
804 476 1
804 742 1
805 49 1
805 102 1
805 176 1
805 528 1
805 808 1
806 2 1
806 70 1
806 187 1
806 238 1
806 318 1
806 505 1
806 518 1
806 573 1
806 718 1
807 42 1
807 217 1
807 281 1
807 319 1
807 487 1
807 549 1
807 774 1
807 816 1
808 117 1
808 137 1
808 145 1
808 158 1
808 190 1
808 302 1
808 414 1
808 740 1
808 790 1
809 55 1
809 96 1
809 162 1
809 191 1
809 334 1
809 345 1
809 546 1
810 85 1
810 229 1
810 240 1
810 378 1
810 398 1
810 420 1
810 492 1
810 502 1
810 646 1
810 653 1
810 725 1
810 776 1
811 290 1
811 373 1
811 376 1
811 556 1
811 659 1
811 717 1
812 209 1
812 252 1
812 332 1
812 519 1
813 49 1
813 129 1
813 133 1
813 194 1
813 210 1
813 274 1
813 337 1
813 395 1
813 407 1
813 569 1
813 701 1
813 785 1
814 5 1
814 35 1
814 45 1
814 499 1
814 609 1
814 652 1
814 699 1
815 338 1
815 355 1
815 460 1
815 677 1
815 712 1
815 819 1
816 155 1
816 374 1
816 377 1
816 451 1
816 487 1
816 563 1
816 640 1
816 724 1
817 132 1
817 140 1
817 393 1
817 471 1
817 510 1
817 617 1
817 719 1
817 725 1
818 141 1
818 257 1
818 308 1
818 350 1
818 593 1
818 709 1
819 29 1
819 282 1
819 303 1
819 547 1
819 561 1
819 701 1
